n
9
m
1
nfac
-1
gamma
0
kappa
-1
delta
-1
basket
-1
longbasket
-1
shortbasket
-1
tradenum
-1
tradebuy
-1
tradesell
-1
min_holding
-1
min_trade
-1
rmin
-1
rmax
-1
round
0
value
-1
valuel
-1
nabs
0
mabs
0
minRisk
-1
maxRisk
-1
CVARGLprob
False
tlen
415
DATAlambda
1
tail
0.05
ETLorLOSSconstraint
False
ETLorLOSSmax
1
ETLorLOSSmin
-1
names
0P000023CA.L 0P000023C7.L 0P000023CJ.L 0P00015E7M.l 0P000023HM.L 0P000023NV.L 0P000023C5.L 0P00002059.L 0P0000HN9B.L 
A
1 1 1 1 1 1 1 1 1 
L
0 0 0 0 0 0 0 0 0 1 
U
1 1 1 1 1 1 1 1 1 1 
alpha

bench

initial

Q

buy

sell

min_lot

size_lot

A_abs

Abs_U

Abs_L

I_A

FL

SV

mask

DATA
-0 -0.00789539 -0 0.00514076 -0 0.0066437 -0 0.0143671 -0 0.04297562 -0 -0.02888655 -0 -0.00102093 -0 0.00917899 -0 -0.03345342 -0 0.00174303 -0 0.05587428 -0 0.00871863 -0 -0.0141258 -0 0.00604468 -0 -0.02485457 -0 -0.00902993 -0 -0.00715929 -0 -0.03224169 -0 -0.00491884 -0 -0.01321586 -0 -0.00193237 -0 -0.00530376 -0 -0.00863309 -0 0.00404184 -0 0.00047744 -0 0.00453786 -0 -0.02567179 -0 -0.00795322 -0 -0.00997911 -0 -0.00689338 -0 -0.02304884 -0 -0.00066919 -0 -0.00111458 -0 -0.00400802 -0 0.00754047 -0 0.00134078 -0 -0.01409711 -0 0.00397176 -0 0.00974745 -0 0.050783 -0 -0.0160264 -0 0.0276038 -0 -0.01264313 -0 -0.01507656 -0 0.0067301 -0 0.02990654 -0 -0.04648362 -0 0.02232451 -0 0.00918079 -0 0.06723687 -0 -0.00891493 -0 -0.00353446 -0 -0.02012579 -0 -0.01775586 -0 0.01187303 -0 -0.01839137 -0 -0.00963159 -0 -0.03648939 -0 0.00598251 -0 -0 -0 0.025 -0 -0.01875594 -0 -0.00699138 -0 -0.01666281 -0 -0.01889369 -0 -0.00268097 -0 -0.00423351 -0 -0.01464389 0.0061229 -0 0.02354235 -0 -0.022758 -0 0.00286407 -0 0.02076889 -0 -0.01940433 -0 -0.0143869 -0 -0.01941959 -0 0.00813356 -0 -0.03193785 -0 -0.00669176 -0 -0.00062318 -0 -0.01556986 -0 0.00613246 -0 -0.00370218 -0 0.02622951 -0 -0.00799663 -0 -0.0091858 -0 -0.00641291 -0 -0.0020555 -0 0.0014359 -0 -0.00020542 -0 0.0119121 -0 0.01600499 -0 0.0095057 -0 -0.01023672 -0 -0.00633312 -0 -0.01615272 -0 -0.00309661 -0 -0.00802634 -0 -0.00714577 -0 0.02533955 -0 0.00665557 -0 -0 -0 -0 -0 -0 -0 -0 -0 -0 -0 -0 -0 -0 -0 -0 -0 -0 -0 -0 -0 -0 -0 -0 -0 -0 -0 -0 -0 -0 -0 -0 -0 -0 -0 -0 -0 -0 -0 -0 -0 -0 -0 -0 -0 -0 -0 -0 -0 -0 -0 -0 -0 -0 -0.17462312 -0 -0.00962567 -0 0.00247175 -0 0.01185841 -0 -0.00537346 -0 -0.02814894 -0 0.00918385 -0 -0.00996852 -0 0.02528139 -0 -0.03357612 -0 -0.00257821 -0 0.01045774 -0 0.02373527 -0 0.00621118 -0 -0.03678571 -0 0.0024113 -0 -0.00604282 -0 -0.01767633 -0 -0.03187184 -0 -0.01356431 -0 0.00919058 -0 -0.0086249 -0 0.00242014 -0 0.02684781 -0 -0.00498587 -0 -0.00843393 -0 0.00229583 -0 -0.00690335 -0 -0.0093046 -0 -0.01504124 -0 -0.02421925 -0 0.0020224 -0 -0.00592362 -0 -0.01038277 -0 0.00966258 -0 -0.01099582 -0 -0.00949755 -0 -0.00637329 -0 -0.00482509 -0 -0.0037515 -0 0.00762446 -0 0.00391684 -0 -0.00544465 -0 0.02376655 -0 -0.01633282 -0 -0.00758035 -0 -0.01730364 -0 -0.00887443 -0 -0.04867322 -0 0.00657067 -0 -0.00703631 -0 0.01187814 -0 0.01046528 -0 -0.02586823 -0 0.02020061 -0 -0.0140765 -0 -0.00588895 -0 0.02453304 -0 0.01957702 -0 0.03672934 -0 0.02511726 -0 -0.03616328 -0 -0.0031456 -0 0.02762431 -0 0.00629607 -0 -0.01854427 -0 0.00212411 -0 -0.02812833 -0 -0.02440106 -0 -0.00880612 -0 0.00715512 -0 0.01181897 -0 0.00729288 -0 -0.00587717 -0 0.03155127 -0 0.00648567 -0 0.03886443 -0 -0.03269626 -0 -0.01927195 -0 -0 -0 
0.74489796 -0 -0.01058824 -0 0.01280559 -0 0.00235849 -0 0.02423168 -0 0.04421563 -0 -0.01901141 -0 -0.00435323 -0 0.01609907 -0 -0.01573317 -0 0.00681537 -0 0.03056769 -0 -0.01994852 -0 -0.01514196 -0 0.00497203 -0 -0.01623985 -0 -0.00799017 -0 -0.01402439 -0 -0.01683704 -0 -0.01655825 -0 0.00814427 -0 0.00058651 -0 0.00528169 -0 -0.00589971 -0 0.00645161 -0 -0.00472255 -0 0.0146886 -0 -0.01788909 -0 0.0076157 -0 -0.00472255 -0 0.00822562 -0 -0.01244076 -0 0.01755413 -0 -0.00595593 -0 0.00414446 -0 0.02853746 -0 -0.00244798 -0 -0.02258852 -0 -0.00477612 -0 0.0154486 -0 0.06698853 -0 0.00517464 -0 0.01950585 -0 -0.04708223 -0 0.01709943 -0 0.00386598 -0 0.00646831 -0 -0.00260417 -0 0.03376623 -0 -0.00268817 -0 0.01340483 -0 -0.00067935 -0 -0.01425662 -0 -0.02677376 -0 -0.00195567 -0 0.01171113 -0 -0.0164582 -0 -0.0123057 -0 -0.01471529 -0 -0.00441362 -0 0.00188324 -0 0.01132075 -0 -0.0197201 -0 -0.00873362 -0 0.00185529 -0 -0.02416357 -0 0.01814882 -0 -0.00985829 -0 0.00366077 0.00122474 -0 0.02023299 -0 -0.00750939 -0 -0 -0 0.01614907 -0 -0.01515152 -0 -0.00621891 -0 -0.01421508 -0 0.00060938 -0 -0.0152439 -0 0.0018018 -0 0.01143201 -0 -0.00912964 -0 0.01206273 -0 0.00976801 -0 0.027127 -0 -0.02091255 -0 -0.00744879 -0 0.00123229 -0 -0.01357187 -0 -0.00304321 -0 -0.00485437 -0 0.03925121 -0 0.00691389 -0 -0.00886076 -0 -0.01003764 -0 0.00248447 -0 -0.01618929 -0 0.01531863 -0 -0.00995644 -0 -0.01478743 -0 0.02125076 -0 -0.02295285 -0 -0.0194057 -0 -0 -0 -0 -0 -0 -0 -0 -0 -0 -0 -0 -0 -0 -0 -0 -0 -0 -0 -0 -0 -0 -0 -0 -0 -0 -0 -0 -0 -0 -0 -0 -0 -0 -0 -0 -0 -0 -0 -0 -0 -0 -0 -0 -0 -0 -0 -0 -0 -0 -0 -0 0.12195122 -0 0.00745257 -0 -0.00955631 -0 0.00473293 -0 0.0013587 -0 -0.05170068 -0 0.01681759 -0 0.00986842 -0 0.02724252 -0 -0.01229508 -0 -0.00472335 -0 -0.01074547 -0 0.00730897 -0 -0.02074967 -0 -0.00918033 -0 0.00064977 -0 -0.00260078 -0 -0.00453956 -0 -0 -0 -0.02711427 -0 0.01319925 -0 -0.00573248 -0 -0.02343255 -0 0.01608911 -0 -0.00251572 -0 -0.00815558 -0 -0.00186683 -0 -0.00869565 -0 0.00738916 -0 -0 -0 -0.00992556 -0 0.00675676 -0 0.00742115 -0 -0.00311526 -0 -0.00062112 -0 -0 -0 -0.03351955 -0 0.01921922 -0 -0.0122474 -0 -0.01088929 -0 0.01735488 -0 0.00487211 -0 -0.00489596 -0 0.01096224 -0 0.00985222 -0 -0.01430348 -0 -0.00061312 -0 -0.00183824 -0 -0.01406728 -0 -0.00542823 -0 0.01739652 -0 0.01587302 -0 -0.00620347 -0 -0.02096178 -0 0.00724638 -0 -0.01824818 -0 0.00119474 -0 -0.00657895 -0 -0.00891266 -0 0.00765607 -0 0.01186944 -0 -0.00660661 -0 -0.01252983 -0 0.00766058 -0 0.02731591 -0 0.04884005 -0 -0.03465982 -0 -0.01985112 -0 -0.02007299 -0 -0.00596303 -0 0.00414938 -0 0.00595238 -0 -0 -0 0.00718563 -0 0.01387214 -0 0.01223242 -0 -0.01547988 -0 -0.01768293 -0 -0.00119832 -0 -0 
-0 0.66271694 -0 -0.01029099 -0 0.0059712 -0 0.01978799 -0 0.01459986 -0 0.03292482 -0 -0.0139966 -0 -0.00988622 -0 0.00424825 -0 0.01038768 -0 -0.01124649 -0 0.04504171 -0 -0.02135093 -0 -0.00323071 -0 0.01420724 -0 -0.02555726 -0 -0.02417088 -0 -0.01445298 -0 -0.00811542 -0 -0.0039356 -0 -0.00035638 -0 0.00944068 -0 -0.01168855 -0 -0.00124422 -0 0.02059293 -0 -0.00054377 -0 0.02844203 -0 -0.01398471 -0 -0.01949246 -0 -0.02164502 -0 0.01412429 -0 -0.00841691 -0 0.00053277 -0 0.01226013 -0 -0.00881453 -0 0.03245364 -0 -0.01326944 -0 -0.02855584 -0 -0.01962865 -0 0.01560874 -0 0.05250176 -0 -0.00780959 -0 0.0501845 -0 -0.01184926 -0 0.00326358 -0 0.00231125 -0 -0.0034749 -0 -0.02116199 -0 0.02147702 -0 0.00924143 -0 0.05071901 -0 -0.01105425 -0 -0.00688398 -0 -0.02634225 -0 -0 -0 0.00920846 -0 -0.00968954 -0 0.01899726 -0 -0.03114394 -0 -0.00154889 -0 0.02126426 -0 0.00928303 -0 -0.00039872 -0 -0.027501 -0 0.00523662 -0 -0.01696237 -0 0.01763804 -0 -0.014637 -0 -0.00923254 0.00304936 -0 0.02905754 -0 -0.0236267 -0 0.00307751 -0 0.00192938 -0 -0.00483279 -0 -0.0178915 -0 -0.003969 -0 -0.00188253 -0 -0.03288238 -0 0.01200655 -0 0.00165715 -0 -0.00608632 -0 -0.0172319 -0 0.00774914 -0 0.02161279 -0 -0.00297011 -0 -0.01332593 -0 -0.00091324 -0 -0.02682482 -0 0.00284343 -0 -0.01550526 -0 0.01000351 -0 0.01684099 -0 0.01298233 -0 -0.00018268 -0 -0.0056621 -0 -0.02306575 -0 0.00319546 -0 0.00391808 -0 0.00518505 -0 0.00125809 -0 0.01205687 -0 -0.00091075 -0 -0 -0 -0 -0 -0 -0 -0 -0 -0 -0 -0 -0 -0 -0 -0 -0 -0 -0 -0 -0 -0 -0 -0 -0 -0 -0 -0 -0 -0 -0 -0 -0 -0 -0 -0 -0 -0 -0 -0 -0 -0 -0 -0 -0 -0 -0 -0 -0 -0 -0 -0 -0.07861692 -0 -0.02311456 -0 0.01368734 -0 0.01571644 -0 -0.02191269 -0 -0.02393617 -0 -0.00032468 -0 0.00146056 -0 0.03916789 -0 -0.03788904 -0 -0.0220013 -0 0.01897624 -0 0.03738622 -0 -0.00236407 -0 -0.0166779 -0 -0.02966031 -0 0.01223045 -0 0.01238188 -0 -0.01600132 -0 -0.00308492 -0 0.02168987 -0 0.01886168 -0 -0.01500843 -0 0.03721548 -0 -0.00655738 -0 -0.01611521 -0 -0.00911085 -0 0.00033439 -0 -0.00936611 -0 -0.0019884 -0 -0.0023152 -0 0.01319914 -0 -0.00585186 -0 0.01146941 -0 0.01092988 -0 -0.01802108 -0 -0.01670007 -0 0.01987516 -0 -0.01323948 -0 -0.03886867 -0 -0.03072759 -0 -0.00973123 -0 0.00244761 -0 0.03603742 -0 0.02545339 -0 -0.00114267 -0 0.00994619 -0 0.01597497 -0 -0.04451883 -0 -0.002083 -0 -0.00143908 -0 0.02043749 -0 0.00472698 -0 -0.01015395 -0 -0.00162127 -0 0.01521528 -0 0.00788955 -0 0.00811796 -0 0.005846 -0 0.01276882 -0 0.02961198 -0 -0.01876535 -0 -0.00723016 -0 0.01674927 -0 0.01181992 -0 0.00985048 -0 0.02433825 -0 -0.04096868 -0 -0.0124191 -0 0.01036628 -0 0.03020251 -0 0.01044104 -0 0.00818628 -0 -0.01118855 -0 -0.02321785 -0 0.0033682 -0 0.00818214 -0 -0.00376614 -0 -0.00839736 -0 
-0 -0 -1.38128987 -0 -0.00892857 -0 0.00884956 -0 0.00520833 -0 0.02468212 -0 0.04754601 -0 -0.03140097 -0 -0.00156128 -0 0.00545596 -0 -0.01253918 -0 0.00386997 -0 0.03341103 -0 -0.00080386 -0 -0.00963855 -0 0.00477327 -0 -0.01358913 -0 -0.01104101 -0 -0.01716069 -0 -0.01840491 -0 0.00451807 -0 -0.0075643 -0 0.00675676 -0 -0.00453515 -0 0.00451467 -0 0.01284958 -0 0.00382848 -0 0.00691776 -0 -0.01006192 -0 -0.0137931 -0 -0.00680272 -0 0.01126126 -0 -0.01290812 -0 0.01874063 -0 -0.00763942 -0 0.00530705 -0 0.02134146 -0 0.00389408 -0 -0.01563722 -0 -0.00692841 -0 0.02522936 -0 0.05019608 -0 -0.01073493 -0 0.01715686 -0 -0.01911887 -0 -0.00081566 -0 -0.00488998 -0 0.01540957 -0 -0.02306425 -0 0.02334944 -0 -0.01071723 -0 0.03181077 -0 0.00252738 -0 -0.00929054 -0 -0.02761506 -0 0.00081433 -0 0.00733496 -0 -0.00492611 -0 -0.00408497 -0 -0.01952807 -0 0.00239425 -0 0.0144 -0 -0.00162338 -0 -0.00324149 -0 -0.01534733 -0 0.00238663 -0 -0.02711324 -0 0.00310559 -0 -0.01012461 -0 -0.00077101 0.01001541 -0 0.02957198 -0 -0.01363272 -0 0.0039557 -0 -0.00158856 -0 -0.00872324 -0 -0.01100629 -0 -0.02255054 -0 0.00076046 -0 -0.02207002 -0 0.00670141 -0 -0.00149925 -0 -0.00449102 -0 0.01043219 -0 0.02033133 -0 0.01844735 -0 -0.00078309 -0 -0.00938967 -0 -0.01472868 -0 -0.01527884 -0 0.00978179 -0 -0.00455927 -0 0.02420575 -0 -0.0124031 -0 0.01301685 -0 -0.01086113 -0 -0.00076746 -0 -0.02300613 -0 0.01274363 -0 0.00303721 -0 -0.00761615 -0 0.02116402 -0 -0.01698842 -0 -0.03113136 -0 -0.00736377 0.00365497 -0.00660308 -0.00947522 0.01299639 0.03511339 -0.0227445 -0 0.00444774 0.0014892 -0 0.0797912 0.00648298 0.14355628 0.03142857 -0.05801377 0.03066914 -0.063279 -0.00270514 -0.00359712 -0.01075269 -0.00797872 -0.00087951 -0.03251318 -0.02212766 -0.03913405 0.02403846 -0.02873563 0.00877893 -0.01046699 -0.00159363 -0.01272872 0.00549882 0.02606635 -0.00973236 -0.01526104 0.01186709 -0.01040833 0.01347068 -0.02409639 -0.00235294 0.02425665 -0.01202887 -0.022187 0.00387597 0.00856031 0.02590267 -0.0443191 -0.03472222 -0.00894855 -0.01108647 -0.00804094 -0 -0.01595359 -0 0.00428266 -0 0.0078853 -0 -0.01372832 -0 -0.0342124 -0 0.00206754 -0 -0.00621547 -0 0.03363075 -0 -0.01349432 -0 -0.01121233 -0 0.00693001 -0 0.02651779 -0 -0 -0 -0.0172043 -0 -0.00140944 -0 0.00422238 -0 -0.00636042 -0 -0.02598315 -0 -0.00821355 -0 0.0101833 -0 -0.00205761 -0 -0.0054757 -0 0.02927161 -0 -0.00771388 -0 -0.0125261 -0 -0.01099656 -0 -0.00475867 -0 -0.00067659 -0 -0.00811359 -0 -0.00402414 -0 0.01202405 -0 -0.00135227 -0 -0.00202566 -0 0.01617251 -0 -0.00821918 -0 -0.00883152 -0 0.01818182 -0 -0.01508916 -0 -0.01554054 -0 0.0073187 -0 0.00536193 -0 -0.00067385 -0 0.01279461 -0 0.00409277 -0 -0.0109589 -0 -0.00542005 -0 -0 -0 -0.02493261 -0 -0.00657462 -0 0.00979752 -0 0.01385224 -0 0.00535117 -0 -0.02017485 -0 0.01252472 -0 -0.00333778 -0 -0.00133067 -0 0.00930233 -0 -0.00134138 -0 0.01004689 -0 0.02774019 -0 -0.00278358 -0 -0.01734906 -0 0.01364256 -0 0.02282158 -0 0.02547771 -0 -0.00217865 -0 -0.02898551 -0 -0.01197183 -0 -0.00765484 -0 0.00414365 -0 0.00832178 -0 0.00909091 -0 -0.00776288 -0 0.00910364 -0 0.02332155 -0 -0.01374819 -0 -0.00071378 -0 -0.01569187 
-0 -0 -0 0.20014045 -0 0.00526778 -0 0.00529568 -0 0.00887311 -0 0.01432408 -0 0.03996367 -0 -0.0179754 -0 -0.01208178 -0 -0.00550964 -0 -0.01369863 -0 0.0018018 -0 0.03971119 -0 0.00657895 -0 0.00283822 -0 -0.00189753 -0 -0.01041667 -0 -0.01124649 -0 -0.01390176 -0 -0.01736746 -0 0.00359389 -0 -0.00991885 -0 0.00714286 -0 -0.00179856 -0 0.00897666 -0 0.01630435 -0 -0.00276243 -0 0.01193756 -0 -0.01765799 -0 -0.00913242 -0 -0.0081448 -0 0.00628366 -0 -0.02258356 -0 0.00883392 -0 0.00445633 -0 -0.00268577 -0 0.02946429 -0 -0.00459982 -0 -0.01190476 -0 0.00904977 -0 0.03744292 -0 0.05028463 -0 -0.01098901 -0 0.03171937 -0 -0.03990203 -0 0.00785083 -0 -0.0049456 -0 0.00885827 -0 -0.01886792 -0 0.00779727 -0 0.00098232 -0 0.02143559 -0 -0.01487138 -0 0.01207921 -0 -0.02826218 -0 -0.00877193 -0 0.00193237 -0 -0.0125847 -0 -0.00764818 -0 -0.01233397 -0 -0.0131209 -0 0.01850139 -0 0.00848256 -0 0.00380228 -0 -0.02290076 -0 0.01399254 -0 -0.01986755 -0 -0.00463822 -0 -0.00738689 -0 -0 0.00366636 -0 0.02851886 -0 0.00473485 -0 -0.0076118 -0 -0.00566572 -0 -0.00375587 -0 -0.01309635 -0 -0.03139428 -0 -0.0080573 -0 -0.01865009 -0 0.00697472 -0 -0.00614574 -0 -0.0026178 -0 0.01044386 -0 0.0237467 -0 0.01891892 -0 -0.00642792 -0 -0.00638686 -0 -0.01722575 -0 -0.00356506 -0 0.0062167 -0 0.01697945 -0 0.01454545 -0 0.00369004 -0 0.01388889 -0 -0.02065728 -0 -0.00183993 -0 -0.02938476 -0 0.01427297 -0 0.00995475 -0 0.00091408 -0 0.01921317 -0 -0.01399254 -0 -0.00367985 -0 -0 -0 -0 -0 -0 -0 -0 -0 -0 -0 -0 -0 -0 -0 -0 -0 -0 -0 -0 -0 -0 -0 -0 -0 -0 -0 -0 -0 -0 -0 -0 -0 -0 -0 -0 -0 -0 -0 -0 -0 -0 -0 -0 -0 -0 -0 -0 -0 -0 -0 -0 -0.13107241 -0 -0.03403566 -0 0.02429467 -0 -0 -0 -0.02088353 -0 -0.061369 -0 0.00889548 -0 -0.01271503 -0 0.05022157 -0 -0.03576983 -0 -0.003003 -0 0.00523952 -0 0.0248307 -0 -0.01234568 -0 -0.00533537 -0 0.00985595 -0 0.0007657 -0 -0.00842912 -0 -0.02355623 -0 -0.01336303 -0 0.00732601 -0 -0 -0 -0.00442804 -0 0.04555474 -0 -0.00153965 -0 -0.0253651 -0 -0.01049475 -0 -0 -0 -0.01038576 -0 -0.00220264 -0 -0 -0 0.01758242 -0 -0.01491424 -0 0.00587803 -0 0.02586844 -0 -0.02352049 -0 0.0148258 -0 0.02182092 -0 -0.02769231 -0 -0.01946108 -0 0.01468429 -0 0.01117735 -0 0.00226074 -0 0.03096677 -0 0.00311769 -0 -0.00781861 -0 -0.00853375 -0 0.00307692 -0 -0.02469136 -0 -0.00527108 -0 0.00299625 -0 0.01728024 -0 -0.00993884 -0 -0.01968206 -0 0.01039347 -0 -0.00075019 -0 -0.00224888 -0 0.01196709 -0 -0.00302801 -0 0.01283019 -0 0.02675841 -0 -0.00942655 -0 -0.02101167 -0 0.00152439 -0 0.01908397 -0 -0.01245136 -0 0.00845503 -0 -0.02868217 -0 -0.00452148 -0 0.00225056 -0 -0 -0 0.01954887 -0 0.00383436 -0 -0.00769823 -0 0.01222307 -0 0.02088167 -0 -0.01105845 -0 -0.00234375 -0 
-0.02260327 -0 -0 -0 -1.26067073 -0 -0.00337154 -0 -0.00168011 -0 0.01174103 -0 0.02002716 -0 0.04364392 -0 -0.03078595 -0 0.00562193 -0 0.01448763 -0 -0.01828612 -0 0.0056338 -0 0.04249292 -0 -0.01516272 -0 -0.00765027 -0 -0 -0 -0.02169197 -0 -0.00920028 -0 -0.0101683 -0 -0.01423117 -0 0.00068446 -0 0.00547945 -0 0.01239669 -0 0.00732218 -0 -0.01440112 -0 0.01558172 -0 -0.00175871 -0 -0.00561798 -0 -0.00977654 -0 -0.01279391 -0 -0.01365654 -0 0.02862917 -0 -0.00104022 -0 0.0176654 -0 -0.01939351 -0 0.00622622 -0 0.03132614 -0 -0.01113906 -0 -0.02025586 -0 0.00940439 -0 0.02355837 -0 0.04969391 -0 -0.00037893 -0 0.02007576 -0 -0.03788172 -0 0.01452514 -0 -0.00075586 -0 0.01661631 -0 -0.02572965 -0 0.02583302 -0 -0.00538048 -0 0.02981651 -0 -0.00157604 -0 -0.00393391 -0 -0.02860502 -0 -0.00114286 -0 0.01179604 -0 -0.01193685 -0 0.00608828 -0 -0.02718224 -0 -0.00931793 -0 0.00221566 -0 0.01591414 -0 -0.01918014 -0 -0.00221402 -0 0.00036819 -0 -0.02946593 -0 -0.00608229 -0 -0.0113798 -0 -0 0.00773558 -0 0.02019844 -0 -0.02350814 -0 -0.00035336 -0 0.01730837 -0 -0.02803738 -0 -0.00874126 -0 -0.02634315 -0 -0.00067545 -0 -0.01889976 -0 0.00695595 -0 0.00700467 -0 -0.01410816 -0 0.02683008 -0 0.00476515 -0 0.02804378 -0 -0.01161154 -0 -0.01495652 -0 -0.00479781 -0 -0.00306958 -0 0.00476029 -0 -0.00341647 -0 0.03030303 -0 -0.00772472 -0 0.00313589 -0 -0.01153443 -0 0.00310988 -0 -0.02149047 -0 0.00542925 -0 0.00136472 -0 -0.00273317 -0 0.01669506 -0 -0.0045045 -0 -0.00103484 -0 -0 -0 -0 -0 -0 -0 -0 -0 -0 -0 -0 -0 -0 -0 -0 -0 -0 -0 -0 -0 -0 -0 -0 -0 -0 -0 -0 -0 -0 -0 -0 -0 -0 -0 -0 -0 -0 -0 -0 -0 -0 -0 -0 -0 -0 -0 -0 -0 -0 -0 -0 -0.06616127 -0 -0.01098901 -0 -0.00799233 -0 0.01363781 -0 -0.01543408 -0 -0.02184927 -0 0.01735358 -0 -0 -0 0.0239672 -0 -0.0187399 -0 -0.00634317 -0 0.013867 -0 0.01342282 -0 -0 -0 -0.0223518 -0 -0.00570342 -0 -0.00189036 -0 -0.01069182 -0 -0.03298071 -0 -0.01054217 -0 0.00298063 -0 0.00179372 -0 -0.01287811 -0 0.01655825 -0 -0.01112447 -0 -0.01338091 -0 -0.00528169 -0 -0.01605371 -0 0.0011491 -0 -0.00373886 -0 -0.00114613 -0 0.00486548 -0 0.00345125 -0 -0.01558442 -0 0.00369423 -0 0.00370793 -0 -0.01545949 -0 0.01099521 -0 -0.00940707 -0 -0.009037 -0 0.01707249 -0 0.00654897 -0 0.00057323 -0 0.02896473 -0 -0.002658 -0 -0.01561119 -0 -0.01392111 -0 -0.00286041 -0 -0.04478038 -0 0.001092 -0 0.01694452 -0 0.03141507 -0 -0.00143513 -0 -0.02436228 -0 0.00839396 -0 -0.00846501 -0 -0.00559597 -0 0.01224263 -0 0.01126761 -0 0.01424501 -0 0.03699422 -0 -0.01620648 -0 -0.00561134 -0 0.01527166 -0 0.03906949 -0 0.06362508 -0 -0.04408353 -0 -0.03174603 -0 -0.01046154 -0 -0.01705238 -0 0.00988024 -0 0.00907167 -0 -0.00579799 -0 0.00910194 -0 0.01745254 -0 0.00779059 -0 -0.00565327 -0 -0.01811368 
-0 -0.00368098 -0 -0 -0 -0 0.7934291 -0 0.00192336 -0 0.00607768 -0 0.0049217 -0 0.02203237 -0 0.04873563 -0 -0.02464959 -0 -0.00361635 -0 0.01597995 -0 -0.02499602 -0 0.00652377 -0 0.03142589 -0 -0.01646489 -0 -0.0111164 -0 -0.01963248 -0 -0.01910043 -0 -0.00770859 -0 -0.01139943 -0 -0.01824114 -0 -0.00320419 -0 -0.00232288 -0 0.00593859 -0 0.00247705 -0 0.01124744 -0 0.01167085 -0 0.00119581 -0 0.00628554 -0 -0.01009036 -0 0.00432384 -0 -0.00209644 -0 0.00926479 -0 -0.01085973 -0 0.01775589 -0 -0.01108917 -0 -0.00030048 -0 0.02913788 -0 -0.00788985 -0 -0.01857252 -0 0.00602773 -0 0.02349909 -0 0.0389691 -0 0.01615509 -0 0.01756979 -0 -0.05966906 -0 0.01119874 -0 0.02520338 -0 0.0045819 -0 0.00378103 -0 0.02442244 -0 0.02232747 -0 0.01435986 -0 0.00403721 -0 -0.01357067 -0 -0.04990436 -0 -0.01440874 -0 0.0004898 -0 -0.00571709 -0 -0.00893292 -0 -0.01609788 -0 -0.01441698 -0 -0.00655943 -0 0.01722265 -0 -0.02573413 -0 0.00661844 -0 0.00170437 -0 -0.03243831 -0 -0.0097715 -0 -0.01027244 -0 -0 0.01178898 -0 0.01759618 -0 -0.00425015 -0 0.01707981 -0 0.00953406 -0 -0.01692284 -0 0.01908397 -0 -0.01836576 -0 -0.0025982 -0 -0.0222561 -0 0.00894721 -0 0.0027084 -0 -0.00573325 -0 0.02070207 -0 0.01761642 -0 0.02572899 -0 -0.02160691 -0 -0.00391665 -0 -0.01482522 -0 -0.02721821 -0 -0.0001497 -0 0.00119743 -0 0.04091113 -0 -0.03484375 -0 -0.0150989 -0 0.00356983 -0 0.00074638 -0 -0.01344488 -0 0.01120283 -0 -0.00760286 -0 -0.03180944 -0 0.01519931 -0 -0.0314502 -0 -0.00846979 -0 -0 -0 -0 -0 -0 -0 -0 -0 -0 -0 -0 -0 -0 -0 -0 -0 -0 -0 -0 -0 -0 -0 -0 -0 -0 -0 -0 -0 -0 -0 -0 -0 -0 -0 -0 -0 -0 -0 -0 -0 -0 -0 -0 -0 -0 -0 -0 -0 -0 -0 -0 0.09182531 -0 0.0175709 -0 -0.00941324 -0 0.00233136 -0 0.00046736 -0 -0.04644638 -0 0.02412869 -0 0.00137363 -0 0.03026135 -0 -0.02253743 -0 -0.00138718 -0 0.01108204 -0 0.03128405 -0 0.01188946 -0 -0.03821138 -0 -0.00328896 -0 -0.00624415 -0 -0.01458269 -0 -0.02889908 -0 -0.01634715 -0 0.00614125 -0 0.00588495 -0 -0.00695575 -0 0.02616108 -0 -0.00452762 -0 -0.01066707 -0 0.00074327 -0 -0.01398393 -0 -0.00088028 -0 -0.01260627 -0 -0.01968732 -0 0.00610449 -0 -0.006999 -0 -0.00921986 -0 0.00562193 -0 -0.01215548 -0 -0.01256808 -0 -0.0103434 -0 -0.001092 -0 -0.00681756 -0 0.00690683 -0 -0.00218192 -0 0.00027215 -0 0.02899143 -0 -0.01275582 -0 -0.01522491 -0 -0.02208589 -0 -0.02614379 -0 -0.0544651 -0 0.01245069 -0 -0.00773936 -0 0.0151121 -0 0.00754622 -0 -0.02230389 -0 0.0256601 -0 -0.0153944 -0 -0.00651547 -0 0.02838292 -0 0.02088405 -0 0.03232138 -0 0.03597025 -0 -0.02945715 -0 -0.00354272 -0 0.02294637 -0 0.01167315 -0 -0.00393701 -0 -0.00238095 -0 -0.03898281 -0 -0.01452394 -0 -0.01219512 -0 0.01244107 -0 0.0173717 -0 0.00107962 -0 -0.00716023 -0 0.03272971 -0 0.01164887 -0 0.03409569 
-0 -0.03195816 -0 -0.01675113 -0 -0 -0.0101066 -0 0.0042489 -0 -0.00192705 -0 0.00137382 -0 0.00866694 -0 0.00638357 -0 0.00572626 -0 -0.00379267 -0 -0.00419815 -0 0.01128763 -0 -0.00366455 -0 0.00435332 -0 -0.0045134 -0 0.00407189 -0 -0 -0 0.00014098 -0 -0.00310209 -0 -0.00365477 -0 0.00406162 -0 0.0061876 -0 -0.0049526 -0 -0.00239369 -0 0.01151847 -0 -0.00596845 -0 0.00127137 -0 0.00183876 -0 -0.00099192 -0 -0.00297282 -0 -0.00268172 -0 0.00323761 -0 0.00240079 -0 -0.00679502 -0 -0.00351519 -0 0.00392322 -0 0.00225067 -0 0.00789511 -0 0.0048316 -0 0.00285592 -0 -0.00171846 -0 0.00643317 -0 0.0018705 -0 -0 -0 -0.01412714 -0 0.00454869 -0 0.0034271 -0 0.00530162 -0 0.00100835 -0 0.00389329 -0 0.00231616 -0 -0.00246663 -0 -0.00014474 -0 -0.00115774 -0 -0.00289101 -0 0.00230614 -0 -0.00158914 -0 -0.00908698 -0 -0.00886221 -0 -0.00325871 -0 -0.00155345 -0 -0.00141004 -0 0.00337933 -0 -0.00028257 -0 -0.00183616 -0 -0.01156069 -0 -0.00097561 -0 0.00543024 -0 -0.00139997 -0 -0.00111841 -0 -0.00516688 0.00083356 -0 0.00027809 -0 -0.00570236 -0 0.00165952 -0 -0.00443275 -0 0.0011033 -0 -0.00510838 -0 -0.00576923 -0 0.00068287 -0 -0.01517015 -0 0.00848142 -0 -0.00638153 -0 -0.00701565 -0 -0.0068328 -0 -0.00412508 -0 -0.00225285 -0 0.00753669 -0 -0.01305622 -0 0.01604419 -0 0.0081529 -0 -0.00862417 -0 -0.00694723 -0 0.00145947 -0 0.01408451 -0 -0.00026954 -0 -0.00835354 -0 -0.00347408 -0 0.00758988 -0 -0.00322018 -0 0.00026749 -0 -0.00575251 -0 0.01077414 -0 -0 -0 -0.0068576 -0 -0 -0 -0 -0 -0 -0 -0 -0 -0 -0 -0 -0 -0 -0 -0 -0 -0 -0 -0 -0 -0 -0 -0 -0 -0 -0 -0 -0 -0 -0 -0 -0 -0 -0 -0 -0 -0 -0 -0 -0 -0 -0 -0 -0 -0 -0 -0 -0 -0 -0 -0 -0.05649038 -0 -0.01049172 -0 0.00750563 -0 -0.0006302 -0 -0.00717975 -0 0.00525263 -0 0.0076691 -0 -0.00506778 -0 0.00252111 -0 0.00998357 -0 -0.00548889 -0 0.01206043 -0 0.01452069 -0 -0.00482462 -0 0.00687776 -0 0.00522671 -0 -0.00617365 -0 0.00326371 -0 -0.00497708 -0 -0.00456145 -0 -0.00272444 -0 0.00543408 -0 -0.00208144 -0 0.0066208 -0 -0.00065342 -0 -0.00430978 -0 0.0006502 -0 -0.00481457 -0 0.002072 -0 -0.00090838 -0 -0.00466744 -0 -0.00387147 -0 -0.00154261 -0 -0.00487742 -0 -0.00229914 -0 -0.00318593 -0 0.00203252 -0 -0.0043279 -0 0.00583016 -0 -0.00038246 -0 0.00777367 -0 0.00436681 -0 0.00683695 -0 0.00961164 -0 0.01127869 -0 -0.00636689 -0 0.00751285 -0 -0.01540505 -0 -0.01150929 -0 0.00297388 -0 -0.00207496 -0 0.001553 -0 -0.00285159 -0 0.00284348 -0 0.00025924 -0 0.01166861 -0 0.00209891 -0 0.01012226 -0 -0.00172643 -0 0.00835211 -0 0.00989305 -0 0.01593303 -0 0.01097695 -0 -0.00430078 -0 0.00718331 -0 -0.00820927 -0 0.0249793 -0 -0.00353857 -0 0.00437236 -0 -0.00325825 -0 0.00522451 -0 0.00965224 -0 0.01390282 -0 -0.00043605 -0 0.00711899 -0 -0.0102429 -0 0.01491889 
-0 -0.00367593 -0 0.00922942 -0 -0 -0 -3.67987579 -0 0.00063191 -0 0.00316156 -0 -0.00031716 -0 0.01616994 -0 0.05446342 -0 -0.0408998 -0 -0.01015062 -0 0.01361426 -0 -0.01610253 -0 -0.00226391 -0 0.04969345 -0 -0.00033956 -0 0.00305499 -0 -0.00442629 -0 -0.00237288 -0 -0.00811633 -0 -0.01039919 -0 -0.03486056 -0 0.008983 -0 -0.01618647 -0 -0.00223001 -0 -0.00190718 -0 0.00444162 -0 0.02453792 -0 0.00751388 -0 0.02600395 -0 -0.03075363 -0 -0.00786885 -0 -0.01594014 -0 0.02657701 -0 -0.02861842 -0 0.03165974 -0 -0.0168428 -0 0.00097434 -0 0.03543563 -0 0.00269633 -0 -0.01149037 -0 -0.00534581 -0 0.0558325 -0 0.04259064 -0 -0.00588235 -0 0.02046784 -0 -0.06604478 -0 0.02030102 -0 -0.0350125 -0 0.01518813 -0 -0.03960743 -0 0.01786918 -0 -0.01098524 -0 0.0278438 -0 0.00279427 -0 0.01050788 -0 -0.03292035 -0 -0.00822481 -0 0.00747791 -0 -0.0260274 -0 -0.0046729 -0 -0.00564784 -0 -0.01057152 -0 0.00653808 -0 0.00789733 -0 -0.01658375 -0 -0.0228385 -0 -0.00287081 -0 -0.03307888 -0 -0.00523399 -0 -0.01102603 -0 0.00666465 -0.00701433 -0 0.04694125 -0 0.01366381 -0 0.00708763 -0 -0.01265412 -0 0.0064082 -0 -0.01580135 -0 -0.0415873 -0 -0.00731484 -0 -0.02390318 -0 0.00916076 -0 -0.01640322 -0 -0.00557512 -0 0.01867523 -0 0.02022004 -0 0.00940819 -0 -0.00857843 -0 -0.0054678 -0 -0.0163142 -0 -0.00208086 -0 0.01334915 -0 -0.0078172 -0 0.01073986 -0 0.00693607 -0 -0.00091102 -0 -0.00364078 -0 -0.0120919 -0 -0.03195938 -0 0.02344428 -0 -0.0017783 -0 0.0035503 -0 0.01098575 -0 -0.02191534 -0 -0.03907168 -0 -0.00735086 -0.01038451 -0.0125 -0.0175583 0.03585872 0.05089485 -0.05833824 -0 -0.00417595 0.01524813 -0 0.05377252 -0.00833085 0.04809678 0.03130812 -0.00224 0.01532567 -0.04182879 -0.04046063 0.0257254 -0.02548357 0.00808383 -0.02022336 0.00680473 -0.00089366 -0.05714286 0.00506757 -0.04046406 -0.01006255 -0.03015617 -0.03345531 0.01466869 0.01822382 -0.00156863 -0.01748891 -0.0030785 -0.00946292 -0.03040284 0.01819523 -0.02504383 -0.00390911 0.02092967 -0.01043997 -0.03911439 -0.00710227 0.00305595 0.01556237 -0.04431138 0.00045872 -0.01262047 -0.00385225 -0.00902935 -0 -0.02371365 -0 0.02054196 -0 0.00089246 -0 -0.03081733 -0 -0.05437608 -0 -0.01458804 -0 -0.036452 -0 0.05119187 -0 -0.06342669 -0 -0.01955848 -0 0.01500475 -0 0.0753953 -0 -0.00771637 -0 0.01034768 -0 0.00794647 -0 0.00653457 -0 -0.01973265 -0 -0.00041615 -0 0.00145591 -0 0.00270777 -0 0.00584795 -0 0.0105042 -0 0.04946921 -0 -0.01987938 -0 -0.02409111 -0 -0.00940975 -0 0.00338983 -0 -0.00680272 -0 -0.015625 -0 0.01309771 -0 0.03286286 -0 -0.02766282 -0 0.01653243 -0 0.05818966 -0 -0.02265446 -0 0.00604162 -0 0.02949122 -0 -0.03317096 -0 -0.0246969 -0 -0.00043821 -0 0.02233903 -0 0.00448029 -0 -0.01215122 -0 0.01578479 -0 -0.00700248 -0 -0.01816958 -0 0.01916722 -0 -0.01617251 -0 -0.01679929 -0 0.00934783 -0 0.02413869 -0 -0.00089948 -0 -0.00831274 -0 0.04032977 -0 0.00487578 -0 -0.00559963 -0 0.01670534 -0 -0.00873053 -0 -0.01403509 -0 0.04590542 -0 -0.02272727 -0 -0.00732861 -0 0.01619338 -0 0.03959924 -0 0.02955787 -0 0.031226 -0 -0.03011889 -0 0.01538856 -0 -0.02135973 -0 0.01122163 -0 0.02347176 -0 0.02430005 -0 -0.04845696 -0 0.03330751 -0 0.0133547 -0 
R

