n
10
m
1
nfac
-1
tlen
161
R
0.000377
periodlength
1 1 1 1 1 1 1 1 1 1 1 1 1 1 1 1 1 1 1 1 1 1 1 1 1 1 1 1 1 1 1 1 1 1 1 1 1 1 1 1 1 1 1 1 1 1 1 1 1 1 1 1 1 1 1 1 1 1 1 1 1 1 1 1 1 1 1 1 1 1 1 1 1 1 1 1 1 1 1 1 1 1 1 1 1 1 1 1 1 1 1 1 1 1 1 1 1 1 1 1 1 1 7 2 41 1 1 1 1 1 1 1 1 1 1 1 1 1 1 1 1 1 1 1 1 1 1 1 1 1 1 1 1 1 1 1 1 1 1 1 1 1 1 1 1 1 1 1 1 1 1 1 1 1 1 1 1 1 1 1 1
L
0 0 0 0 0 0 0 0 0 0 1
U
1 1 1 1 1 1 1 1 1 1 1
A
1 1 1 1 1 1 1 1 1 1
names
0P000023C7.L 0P000023C6.L 0P000023CK.L 0P000023CJ.L 0P000023C8.L 0P000023JW.L 0P000023NV.L 0P000023CB.L 0P000023NW.L 0P000023HN.L
DATA
0.010588 -0.012806 -0.002358 -0.024232 -0.044216 0.019011 0.004353 -0.016099 0.015733 -0.006815 -0.030568 0.019949 0.015142 -0.004972 0.016240 0.007990 0.014024 0.016837 0.016558 -0.008144 -0.000587 -0.005282 0.005900 -0.006452 0.004723 -0.014689 0.017889 -0.007616 0.004723 -0.008226 0.012441 -0.017554 0.005956 -0.004144 -0.028537 0.002448 0.022589 0.004776 -0.015449 -0.066989 -0.005175 -0.019506 0.047082 -0.017099 -0.003866 -0.006468 0.002604 -0.033766 0.002688 -0.013405 0.000679 0.014257 0.026774 0.001956 -0.011711 0.016458 0.012306 0.014715 0.004414 -0.001883 -0.011321 0.019720 0.008734 -0.001855 0.024164 -0.018149 0.009858 -0.003661 -0.001225 -0.020233 0.007509 0.000000 -0.016149 0.015152 0.006219 0.014215 -0.000609 0.015244 -0.001802 -0.011432 0.009130 -0.012063 -0.009768 -0.027127 0.020913 0.007449 -0.001232 0.013572 0.003043 0.004854 -0.039251 -0.006914 0.008861 0.010038 -0.002484 0.016189 -0.015319 0.009956 0.014787 -0.021251 0.022953 0.019406 0.000000 0.000000 -0.002974 -0.007453 0.009556 -0.004733 -0.001359 0.051701 -0.016818 -0.009868 -0.027243 0.012295 0.004723 0.010745 -0.007309 0.020750 0.009180 -0.000650 0.002601 0.004540 0.000000 0.027114 -0.013199 0.005732 0.023433 -0.016089 0.002516 0.008156 0.001867 0.008696 -0.007389 0.000000 0.009926 -0.006757 -0.007421 0.003115 0.000621 0.000000 0.033520 -0.019219 0.012247 0.010889 -0.017355 -0.004872 0.004896 -0.010962 -0.009852 0.014303 0.000613 0.001838 0.014067 0.005428 -0.017397 -0.015873 0.006203 0.020962 -0.007246 0.018248 -0.001195
-0.345694 -0.001828 -0.006410 -0.004608 -0.022222 -0.048295 0.023881 0.003887 -0.015489 0.024582 -0.006718 -0.030918 0.015952 0.010795 0.020388 0.019029 0.007470 0.011121 0.018332 0.003600 0.001794 -0.005372 -0.002700 0.006318 -0.011659 -0.000907 -0.006358 0.010055 -0.004525 0.001818 -0.009074 0.010989 -0.018116 0.011070 0.000912 -0.029170 0.007512 0.018639 -0.006404 -0.023020 -0.038643 -0.016667 -0.017846 0.059791 -0.010536 -0.025169 -0.004965 -0.004192 -0.024454 -0.008116 -0.014397 -0.004098 0.013612 0.050385 0.014866 -0.000977 0.005865 0.008746 0.016378 0.014218 0.006542 -0.017642 0.026465 -0.006446 -0.001854 0.032498 0.009892 0.009795 -0.006173 -0.005324 -0.017841 0.004541 -0.017179 -0.010120 0.017658 0.000000 0.018265 0.002691 0.022361 -0.008749 -0.002648 0.005310 -0.020246 -0.017969 -0.025618 0.021596 0.003676 0.014652 0.027076 0.000879 -0.001756 -0.040457 0.034830 0.015058 -0.003490 -0.000876 0.013146 -0.011246 0.007874 0.032118 -0.015139 0.048676 0.001163 0.000000 0.000000 -0.082391 -0.017606 0.018817 -0.001759 -0.000881 0.046737 -0.024431 -0.000864 -0.030251 0.022282 0.001744 -0.011314 -0.031690 -0.011818 0.038638 0.002657 0.007067 0.014035 0.029412 0.015966 -0.005790 -0.005824 0.006695 -0.026600 0.005124 0.010195 -0.000841 0.014310 0.008299 0.012346 0.019512 -0.005582 0.006415 0.009562 -0.006314 0.012708 0.012549 0.010070 0.001534 0.006891 -0.006844 0.001531 0.000000 -0.029052 0.012598 0.015552 0.022205 0.026217 0.054015 -0.012465 0.007714 -0.014614 -0.007768 0.022064 -0.020891 0.014936
0.007008 -0.530480 0.010523 -0.006160 -0.019628 -0.014602 -0.032997 0.013902 0.009972 -0.004165 -0.010380 0.011115 -0.045053 0.021401 0.003175 -0.014082 0.025518 0.023944 0.014519 0.008135 0.004035 0.000298 -0.009522 0.011717 0.001336 -0.020611 0.000606 -0.028597 0.014174 0.019505 0.021543 -0.014010 0.008376 -0.000593 -0.012318 0.008715 -0.032325 0.013239 0.028715 0.019495 -0.015645 -0.052391 0.007765 -0.032671 0.011789 -0.003149 -0.002369 0.003483 0.021142 -0.021632 -0.009160 -0.050685 0.011081 0.006974 0.026220 0.000000 -0.009160 0.009569 -0.018795 0.030943 0.001588 -0.021088 -0.009556 0.000491 0.027460 -0.005091 0.016789 -0.017613 0.014727 0.009150 -0.002970 -0.029006 0.023575 -0.003155 -0.001741 0.004597 0.018147 0.003875 0.001853 0.032825 -0.012086 -0.001510 0.006051 0.017291 -0.007833 -0.021600 0.002893 0.013360 0.000899 0.026942 -0.002769 0.015346 -0.009932 -0.016720 -0.013160 0.020977 0.005577 0.023205 -0.003281 -0.003864 -0.005172 -0.001155 -0.001735 0.000439 0.000000 0.000000 0.099137 0.023015 -0.013654 -0.015689 0.021966 0.023853 0.000384 -0.001408 -0.039211 0.037877 0.021974 -0.019112 -0.037303 0.002397 0.016605 0.029662 -0.012056 -0.012460 0.015999 0.003073 -0.021698 -0.018787 0.014892 -0.037207 0.006668 0.015950 0.009180 -0.000396 0.009364 0.002091 0.002217 -0.013141 0.005933 -0.011533 -0.011005 0.018099 0.016592 -0.019819 0.013215 0.038998 0.030630 0.009866 -0.002533 -0.036034 -0.025464 0.001030 -0.009901 0.001558 0.044606 0.001986 0.001487 -0.020534 -0.004673 0.010151 0.001507
-0.015051 -0.008022 -0.276508 0.010291 -0.005971 -0.019788 -0.014600 -0.032925 0.013997 0.009886 -0.004248 -0.010388 0.011246 -0.045042 0.021351 0.003231 -0.014207 0.025557 0.024171 0.014453 0.008115 0.003936 0.000356 -0.009441 0.011689 0.001244 -0.020593 0.000544 -0.028442 0.013985 0.019492 0.021645 -0.014124 0.008417 -0.000533 -0.012260 0.008815 -0.032454 0.013269 0.028556 0.019629 -0.015609 -0.052502 0.007810 -0.050185 0.011849 -0.003264 -0.002311 0.003475 0.021162 -0.021477 -0.009241 -0.050719 0.011054 0.006884 0.026342 0.000000 -0.009208 0.009690 -0.018997 0.031144 0.001549 -0.021264 -0.009283 0.000399 0.027501 -0.005237 0.016962 -0.017638 0.014637 0.009233 -0.003049 -0.029058 0.023627 -0.003078 -0.001929 0.004833 0.017891 0.003969 0.001883 0.032882 -0.012007 -0.001657 0.006086 0.017232 -0.007749 -0.021613 0.002970 0.013326 0.000913 0.026825 -0.002843 0.015505 -0.010004 -0.016841 -0.012982 0.000183 0.005662 0.023066 -0.003195 -0.003918 -0.005185 -0.000180 -0.006028 0.000022 0.000000 0.000000 0.078617 0.023115 -0.013687 -0.015716 0.021913 0.023936 0.000325 -0.001461 -0.039168 0.037889 0.022001 -0.018976 -0.037386 0.002364 0.016678 0.029660 -0.012230 -0.012382 0.016001 0.003085 -0.021690 -0.018862 0.015008 -0.037215 0.006557 0.016115 0.009111 -0.000334 0.009366 0.001988 0.002315 -0.013199 0.005852 -0.011469 -0.010930 0.018021 0.016700 -0.019875 0.013239 0.038869 0.030728 0.009731 -0.002448 -0.036037 -0.025453 0.001143 -0.009946 -0.015975 0.044519 0.002083 0.001439 -0.020437 -0.004727 0.010154
0.001621 -0.015215 -0.007890 4.168986 0.010577 -0.012686 -0.002570 -0.023833 -0.043880 0.017943 0.005085 -0.015852 0.015422 -0.007087 -0.030252 0.019979 0.015120 0.011848 0.016059 0.007573 0.014379 0.017075 0.016155 -0.008105 -0.000629 -0.005346 0.005691 -0.005659 0.004426 -0.014794 0.017891 -0.007533 0.004744 -0.008499 0.012381 -0.016933 0.005423 -0.003807 -0.028344 0.002294 0.022564 0.004797 -0.015277 -0.046865 -0.005426 -0.019093 0.047271 -0.017590 -0.003378 -0.006780 0.003072 -0.034365 0.002819 -0.012649 0.000356 0.013874 0.026667 0.002392 -0.011592 0.016212 0.012559 0.014415 0.003966 -0.001646 -0.011540 0.020013 0.008829 -0.001621 0.024026 -0.000951 0.010156 -0.003770 -0.000631 -0.020511 0.007088 0.000000 -0.015995 0.014954 0.006726 0.014318 -0.000314 0.014434 -0.001547 -0.011772 0.009404 -0.011801 -0.010057 -0.026667 0.020874 0.007348 -0.001269 0.013020 0.003448 0.004686 -0.039490 0.017481 0.009227 0.010088 -0.002497 0.016270 -0.015394 0.010319 0.002078 -0.010830 0.000563 0.019506 0.000000 0.000000 -0.090583 -0.007561 0.009937 -0.004592 -0.001318 0.051468 -0.016944 -0.009575 -0.027715 0.012264 0.004912 0.010753 -0.007092 0.020455 0.009227 -0.000631 0.002839 0.004404 0.027873 0.012797 -0.012936 0.005791 0.023636 -0.016578 0.003010 0.007503 0.002383 0.008618 -0.007071 0.004748 0.004430 -0.006469 -0.007695 0.003579 0.000297 0.017231 0.016063 -0.018971 0.012306 0.010420 -0.017187 -0.004663 0.004685 -0.010493 0.010015 0.013707 0.000575 0.002013 0.013773 0.005661 -0.017450 -0.016328 0.006407
0.021123 -0.007368 0.018556 -0.001401 -0.582655 -0.004707 0.002027 -0.001349 -0.008778 -0.006131 -0.005483 0.003446 0.004121 -0.003420 0.003432 -0.004104 0.004121 -0.004104 0.000000 0.000000 0.000000 0.006868 -0.004093 -0.006164 0.004824 0.002058 -0.003422 0.005495 0.000000 -0.002732 0.000685 0.002738 0.003413 -0.003401 -0.002730 0.006845 0.003399 -0.003388 -0.002719 -0.000682 -0.004775 -0.002742 0.001375 -0.006177 -0.002072 0.007612 0.006868 -0.004775 -0.003427 -0.005502 -0.000692 -0.004152 0.005559 0.002073 0.000000 0.001379 0.002755 -0.002060 0.001376 0.000000 0.017869 0.003376 0.001346 0.002016 -0.003353 0.006729 0.002005 0.011341 0.001319 -0.005270 0.000000 0.002649 0.004624 -0.000657 0.000000 0.005263 -0.001309 0.004587 0.005871 0.000000 0.010376 -0.000642 0.015414 -0.008223 0.006378 0.006971 0.006923 0.003750 0.002491 -0.007453 0.012516 -0.008653 -0.008105 0.008171 0.007481 -0.001856 -0.014259 0.000629 0.008171 0.003741 -0.007453 0.003129 -0.000089 0.003121 -0.000121 0.000000 0.006858 0.000000 0.000000 0.075542 0.016120 -0.007365 0.000571 0.006845 -0.005099 -0.007403 0.005164 -0.002854 -0.009731 0.005202 -0.012076 -0.014552 0.005316 -0.001763 -0.005297 0.006509 -0.003527 0.005310 0.004108 0.002922 -0.005245 0.001757 -0.006433 0.000589 0.004118 -0.000586 0.010551 -0.002320 0.001163 0.004646 0.004046 0.001151 0.005175 0.002288 0.002854 -0.001707 0.003991 -0.005679 0.000571 -0.002854 -0.004007 -0.006897 -0.009838 -0.011105 0.006501 -0.007634 0.015385 0.011072 -0.002882 0.002312 -0.001730
0.002889 0.002304 0.000000 -0.012069 -0.001745 0.728438 0.003372 0.001680 -0.011741 -0.020027 -0.043644 0.030786 -0.005622 -0.014488 0.018286 -0.005634 -0.042493 0.015163 0.007650 0.000000 0.021692 0.009200 0.010168 0.014231 -0.000684 -0.005479 -0.012397 -0.007322 0.014401 -0.015582 0.001759 0.005618 0.009777 0.012794 0.013657 -0.028629 0.001040 -0.017665 0.019394 -0.006226 -0.031326 0.011139 0.020256 -0.009404 -0.023558 -0.049694 0.000379 -0.020076 0.037882 -0.014525 0.000756 -0.016616 0.025730 -0.025833 0.005380 -0.029817 0.001576 0.003934 0.028605 0.001143 -0.011796 0.011937 -0.006088 0.027182 0.009318 -0.002216 -0.015914 0.019180 0.002214 -0.000368 0.029466 0.006082 0.011380 0.000000 -0.007736 -0.020198 0.023508 0.000353 -0.017308 0.028037 0.008741 0.026343 0.000675 0.018900 -0.006956 -0.007005 0.014108 -0.026830 -0.004765 -0.028044 0.011612 0.014957 0.004798 0.003070 -0.004760 0.003416 -0.030303 0.007725 -0.003136 0.011534 -0.003110 0.021490 -0.000776 -0.000682 0.000067 -0.016695 0.004505 0.001035 0.000000 0.000000 0.066161 0.010989 0.007992 -0.013638 0.015434 0.021849 -0.017354 0.000000 -0.023967 0.018740 0.006343 -0.013867 -0.013423 0.000000 0.022352 0.005703 0.001890 0.010692 0.032981 0.010542 -0.002981 -0.001794 0.012878 -0.016558 0.011124 0.013381 0.005282 0.016054 -0.001149 0.003739 0.001146 -0.004865 -0.003451 0.015584 -0.003694 -0.003708 0.015459 -0.010995 0.009407 0.009037 -0.017072 -0.006549 -0.000573 -0.028965 0.002658 0.015611 0.013921 0.002860 0.044780 -0.001092 -0.016945
-0.031415 0.001435 0.024362 -0.008394 0.008465 0.005596 0.391208 0.007800 -0.005160 -0.006782 -0.014260 -0.042991 0.028955 0.000828 -0.009097 0.033591 -0.001817 -0.056016 -0.008569 0.014261 -0.005965 0.024861 0.008783 0.007048 0.032320 0.004985 0.013294 0.001956 0.012509 0.008686 -0.004018 -0.000386 -0.004803 0.025686 0.008095 0.009899 0.007028 0.022957 0.000540 0.001256 0.004120 -0.007673 -0.001441 0.014229 -0.004083 -0.009629 -0.050954 0.016316 -0.027816 0.012673 0.015169 -0.006722 -0.029898 0.046519 -0.014816 -0.009212 -0.067174 0.008747 0.003831 0.019888 0.017729 -0.011806 0.018410 0.009613 0.036383 -0.006065 -0.012391 -0.012730 0.018963 0.006888 0.016821 0.018540 0.002857 0.004269 0.014533 -0.005939 -0.023722 0.022856 -0.002990 -0.020826 0.027756 0.014207 0.019540 -0.008143 0.031807 0.006795 0.000494 0.015630 -0.005994 0.003585 -0.026146 0.008006 0.009098 0.006393 0.002118 -0.001300 0.000000 -0.011881 -0.015978 -0.009541 0.010308 0.006358 0.002303 0.001472 0.000199 0.007119 -0.017671 -0.006541 0.000000 0.000000 0.000000 0.183208 0.015860 -0.002328 -0.012080 0.005558 0.028050 -0.009274 0.010175 -0.025383 0.033623 0.002400 -0.010374 -0.023653 -0.006194 0.036704 -0.002405 0.006027 0.017572 0.032051 0.013563 -0.009255 0.008584 -0.002378 -0.026722 0.004898 0.008466 -0.002289 0.012239 0.009446 0.014972 0.024093 -0.001921 0.005893 0.010402 -0.009703 0.010993 0.009455 0.006322 0.004887 0.003705 -0.007498 -0.003952 0.005484 -0.023790 0.016405 0.007485 0.017297 0.008901 0.048637 -0.006472
0.007057 -0.011966 -0.010584 0.031098 -0.020321 0.014083 0.005921 -0.532106 0.003431 0.001596 -0.011607 -0.019802 -0.043928 0.030958 -0.005720 -0.014382 0.017996 -0.005495 -0.042517 0.015304 0.007413 0.000245 0.021824 0.008879 0.009990 0.014602 -0.000696 -0.005807 -0.012383 -0.007097 0.014296 -0.015269 0.001670 0.005239 0.009950 0.012667 0.013899 -0.002513 0.001374 -0.018070 0.019567 -0.006397 -0.031042 0.010916 0.020423 -0.009202 -0.023682 -0.049941 0.000250 -0.019770 0.037529 -0.014518 0.000999 -0.016712 0.025622 -0.025723 0.005331 -0.029798 0.001562 0.003898 0.028734 0.001258 -0.011812 0.011699 -0.006033 0.027061 0.009357 -0.001952 -0.015889 0.018877 0.002438 -0.000486 0.029440 0.006145 0.011510 0.000000 -0.007896 -0.020131 0.023411 0.000467 -0.017266 0.028015 0.008776 0.026099 0.000669 0.018952 -0.007002 -0.006831 0.013978 0.000219 -0.005250 -0.027711 0.011762 0.014755 0.004847 0.002850 -0.004810 0.003515 -0.030648 0.007678 -0.002913 0.011238 -0.000413 0.010700 -0.000133 -0.001317 0.002637 -0.016656 0.004457 0.001331 0.000000 0.000000 0.085088 0.011027 0.008079 -0.013625 0.015235 0.021809 -0.017427 0.000199 -0.024108 0.018783 0.006413 -0.013740 -0.013527 -0.000205 0.022518 0.005806 0.001990 0.010528 0.033025 0.010276 -0.002637 -0.001889 0.012677 -0.016256 0.010826 0.013717 0.005190 0.016043 -0.001270 0.003816 0.001086 -0.004882 -0.003453 0.015500 -0.003591 0.013696 0.015467 -0.010854 0.009027 0.009121 -0.016861 -0.006542 -0.000890 -0.028678 0.002567 0.015731 0.013866 0.002842 0.044810
-0.001356 -0.016805 -0.031595 0.001605 0.024208 -0.008342 0.008587 0.005387 -0.701175 0.000000 -0.010411 -0.009351 -0.014159 -0.039497 0.017445 0.011635 0.006053 0.013839 -0.001780 -0.039239 0.003094 -0.003701 0.003096 0.009877 0.011002 0.014510 0.017282 -0.003515 0.009406 -0.006407 0.001758 -0.008777 -0.016529 0.002401 -0.011976 0.018182 0.009524 0.007665 -0.006437 0.022379 -0.008641 -0.004648 0.002919 -0.029686 0.004799 0.011940 0.010619 -0.037945 -0.050364 0.011502 -0.032217 0.039817 -0.007533 0.004428 -0.008186 0.019048 -0.008100 -0.001256 -0.020755 0.014772 -0.012658 0.028205 0.009352 -0.001853 0.012376 0.007946 0.011522 0.014388 -0.018913 -0.008434 -0.003645 0.021951 -0.001790 0.020323 0.003515 0.008173 0.000000 -0.004053 -0.028488 -0.004788 0.007817 0.005370 0.004154 0.012411 0.032691 0.007349 0.018519 -0.006612 0.005546 0.003309 -0.010995 -0.023902 -0.018793 0.006384 0.006344 0.017765 0.003378 -0.005612 0.002257 -0.014077 -0.003998 -0.013761 0.002907 0.000855 0.000735 -0.014357 -0.010084 -0.001132 -0.019263 0.014443 0.003417 0.000000 0.000000 0.165153 0.034096 -0.024023 -0.000483 0.021246 0.061466 -0.008909 0.012584 -0.050155 0.035514 0.002708 -0.004950 -0.024423 0.012054 0.005039 -0.009572 0.009204 0.008208 0.023066 0.013705 -0.006978 0.002196 0.001753 -0.044619 0.001374 0.025149 0.009813 0.005742 0.005270 0.001747 0.000000 -0.017008 0.014641 -0.005684 -0.025945 0.023476 -0.014998 -0.021944 0.028388 0.019145 -0.014854 -0.011086 -0.002242 -0.015730 -0.003653 0.008249 0.008636 -0.003605
lambda
1e4
alpha

Q
0 0 0 0 0 0 0 0 0 0 0 0 0 0 0 0 0 0 0 0 0 0 0 0 0 0 0 0 0 0 0 0 0 0 0 0 0 0 0 0 0 0 0 0 0 0 0 0 0 0 0 0 0 0 0
gamma
0.5
kappa
0.5
basket
-1
delta
-1
lpower
1
longbasket
-1
shortbasket
-1
minRisk
-1
maxRisk
-1
Rmin
-1
Rmax
-1
LSValue
1
trades
-1