n
9
m
1
nfac
-1
tlen
415
R
0.000377
periodlength
1 1 1 1 1 1 1 1 1 1 1 1 1 1 1 1 1 1 1 1 1 1 1 1 1 1 1 1 1 1 1 1 1 1 1 1 1 1 1 1 1 1 1 1 1 1 1 1 1 1 1 1 1 1 1 1 1 1 1 1 1 1 1 1 1 1 1 1 1 1 1 1 1 1 1 1 1 1 1 1 1 1 1 1 1 1 1 1 1 1 1 1 1 1 1 1 1 1 1 1 1 1 1 1 1 1 1 1 1 1 1 1 1 1 1 1 1 1 1 1 1 1 1 1 1 1 1 1 1 1 1 1 1 1 1 1 1 1 1 1 1 1 1 1 1 1 1 1 1 1 1 1 1 1 1 1 1 1 1 1 1 1 1 1 1 1 1 1 1 1 1 1 1 1 1 1 1 1 1 1 1 1 1 1 1 1 1 1 1 1 1 1 1 1 1 1 1 1 1 1 1 1 1 1 1 1 1 1 1 1 1 1 1 1 1 1 1 1 1 1 1 1 1 1 1 1 1 1 1 1 1 1 1 1 1 1 1 1 1 1 1 1 1 1 1 1 1 1 1 1 1 1 1 1 1 1 1 1 1 1 1 1 1 1 1 1 1 1 1 1 1 1 1 1 1 1 1 1 1 1 1 1 1 1 1 1 1 1 1 1 1 1 1 1 1 1 1 1 1 1 1 1 1 1 1 1 1 1 1 1 1 1 1 1 1 1 1 1 1 1 1 1 1 1 1 1 1 1 1 1 1 1 1 1 1 1 1 1 1 1 1 1 1 1 1 1 1 1 1 1 1 1 1 1 1 1 1 1 1 1 1 1 1 1 1 1 1 1 1 1 1 1 1 1 1 1 1 1 1 1 1 1 1 1 1 1 1 1 1 1 1 1 1 1 1 1 1 1 1 1 1 1 1 1 1 1 1 1 1 1 1 1 1 1 1
L
0 0 0 0 0 0 0 0 0 1
U
1 1 1 1 1 1 1 1 1 1
A
1 1 1 1 1 1 1 1 1
names
0P000023CA.L 0P000023C7.L 0P000023CJ.L 0P00015E7M.l 0P000023HM.L 0P000023NV.L 0P000023C5.L 0P00002059.L 0P0000HN9B.L
DATA
0.00000000 0.00789539 0.00000000 -0.00514076 0.00000000 -0.00664370 0.00000000 -0.01436710 0.00000000 -0.04297562 0.00000000 0.02888655 0.00000000 0.00102093 0.00000000 -0.00917899 0.00000000 0.03345342 0.00000000 -0.00174303 0.00000000 -0.05587428 0.00000000 -0.00871863 0.00000000 0.01412580 0.00000000 -0.00604468 0.00000000 0.02485457 0.00000000 0.00902993 0.00000000 0.00715929 0.00000000 0.03224169 0.00000000 0.00491884 0.00000000 0.01321586 0.00000000 0.00193237 0.00000000 0.00530376 0.00000000 0.00863309 0.00000000 -0.00404184 0.00000000 -0.00047744 0.00000000 -0.00453786 0.00000000 0.02567179 0.00000000 0.00795322 0.00000000 0.00997911 0.00000000 0.00689338 0.00000000 0.02304884 0.00000000 0.00066919 0.00000000 0.00111458 0.00000000 0.00400802 0.00000000 -0.00754047 0.00000000 -0.00134078 0.00000000 0.01409711 0.00000000 -0.00397176 0.00000000 -0.00974745 0.00000000 -0.05078300 0.00000000 0.01602640 0.00000000 -0.02760380 0.00000000 0.01264313 0.00000000 0.01507656 0.00000000 -0.00673010 0.00000000 -0.02990654 0.00000000 0.04648362 0.00000000 -0.02232451 0.00000000 -0.00918079 0.00000000 -0.06723687 0.00000000 0.00891493 0.00000000 0.00353446 0.00000000 0.02012579 0.00000000 0.01775586 0.00000000 -0.01187303 0.00000000 0.01839137 0.00000000 0.00963159 0.00000000 0.03648939 0.00000000 -0.00598251 0.00000000 0.00000000 0.00000000 -0.02500000 0.00000000 0.01875594 0.00000000 0.00699138 0.00000000 0.01666281 0.00000000 0.01889369 0.00000000 0.00268097 0.00000000 0.00423351 0.00000000 0.01464389 -0.00612290 0.00000000 -0.02354235 0.00000000 0.02275800 0.00000000 -0.00286407 0.00000000 -0.02076889 0.00000000 0.01940433 0.00000000 0.01438690 0.00000000 0.01941959 0.00000000 -0.00813356 0.00000000 0.03193785 0.00000000 0.00669176 0.00000000 0.00062318 0.00000000 0.01556986 0.00000000 -0.00613246 0.00000000 0.00370218 0.00000000 -0.02622951 0.00000000 0.00799663 0.00000000 0.00918580 0.00000000 0.00641291 0.00000000 0.00205550 0.00000000 -0.00143590 0.00000000 0.00020542 0.00000000 -0.01191210 0.00000000 -0.01600499 0.00000000 -0.00950570 0.00000000 0.01023672 0.00000000 0.00633312 0.00000000 0.01615272 0.00000000 0.00309661 0.00000000 0.00802634 0.00000000 0.00714577 0.00000000 -0.02533955 0.00000000 -0.00665557 0.00000000 0.00000000 0.00000000 0.00000000 0.00000000 0.00000000 0.00000000 0.00000000 0.00000000 0.00000000 0.00000000 0.00000000 0.00000000 0.00000000 0.00000000 0.00000000 0.00000000 0.00000000 0.00000000 0.00000000 0.00000000 0.00000000 0.00000000 0.00000000 0.00000000 0.00000000 0.00000000 0.00000000 0.00000000 0.00000000 0.00000000 0.00000000 0.00000000 0.00000000 0.00000000 0.00000000 0.00000000 0.00000000 0.00000000 0.00000000 0.00000000 0.00000000 0.00000000 0.00000000 0.00000000 0.00000000 0.00000000 0.00000000 0.00000000 0.00000000 0.00000000 0.00000000 0.00000000 0.00000000 0.17462312 0.00000000 0.00962567 0.00000000 -0.00247175 0.00000000 -0.01185841 0.00000000 0.00537346 0.00000000 0.02814894 0.00000000 -0.00918385 0.00000000 0.00996852 0.00000000 -0.02528139 0.00000000 0.03357612 0.00000000 0.00257821 0.00000000 -0.01045774 0.00000000 -0.02373527 0.00000000 -0.00621118 0.00000000 0.03678571 0.00000000 -0.00241130 0.00000000 0.00604282 0.00000000 0.01767633 0.00000000 0.03187184 0.00000000 0.01356431 0.00000000 -0.00919058 0.00000000 0.00862490 0.00000000 -0.00242014 0.00000000 -0.02684781 0.00000000 0.00498587 0.00000000 0.00843393 0.00000000 -0.00229583 0.00000000 0.00690335 0.00000000 0.00930460 0.00000000 0.01504124 0.00000000 0.02421925 0.00000000 -0.00202240 0.00000000 0.00592362 0.00000000 0.01038277 0.00000000 -0.00966258 0.00000000 0.01099582 0.00000000 0.00949755 0.00000000 0.00637329 0.00000000 0.00482509 0.00000000 0.00375150 0.00000000 -0.00762446 0.00000000 -0.00391684 0.00000000 0.00544465 0.00000000 -0.02376655 0.00000000 0.01633282 0.00000000 0.00758035 0.00000000 0.01730364 0.00000000 0.00887443 0.00000000 0.04867322 0.00000000 -0.00657067 0.00000000 0.00703631 0.00000000 -0.01187814 0.00000000 -0.01046528 0.00000000 0.02586823 0.00000000 -0.02020061 0.00000000 0.01407650 0.00000000 0.00588895 0.00000000 -0.02453304 0.00000000 -0.01957702 0.00000000 -0.03672934 0.00000000 -0.02511726 0.00000000 0.03616328 0.00000000 0.00314560 0.00000000 -0.02762431 0.00000000 -0.00629607 0.00000000 0.01854427 0.00000000 -0.00212411 0.00000000 0.02812833 0.00000000 0.02440106 0.00000000 0.00880612 0.00000000 -0.00715512 0.00000000 -0.01181897 0.00000000 -0.00729288 0.00000000 0.00587717 0.00000000 -0.03155127 0.00000000 -0.00648567 0.00000000 -0.03886443 0.00000000 0.03269626 0.00000000 0.01927195 0.00000000 0.00000000 0.00000000
-0.74489796 0.00000000 0.01058824 0.00000000 -0.01280559 0.00000000 -0.00235849 0.00000000 -0.02423168 0.00000000 -0.04421563 0.00000000 0.01901141 0.00000000 0.00435323 0.00000000 -0.01609907 0.00000000 0.01573317 0.00000000 -0.00681537 0.00000000 -0.03056769 0.00000000 0.01994852 0.00000000 0.01514196 0.00000000 -0.00497203 0.00000000 0.01623985 0.00000000 0.00799017 0.00000000 0.01402439 0.00000000 0.01683704 0.00000000 0.01655825 0.00000000 -0.00814427 0.00000000 -0.00058651 0.00000000 -0.00528169 0.00000000 0.00589971 0.00000000 -0.00645161 0.00000000 0.00472255 0.00000000 -0.01468860 0.00000000 0.01788909 0.00000000 -0.00761570 0.00000000 0.00472255 0.00000000 -0.00822562 0.00000000 0.01244076 0.00000000 -0.01755413 0.00000000 0.00595593 0.00000000 -0.00414446 0.00000000 -0.02853746 0.00000000 0.00244798 0.00000000 0.02258852 0.00000000 0.00477612 0.00000000 -0.01544860 0.00000000 -0.06698853 0.00000000 -0.00517464 0.00000000 -0.01950585 0.00000000 0.04708223 0.00000000 -0.01709943 0.00000000 -0.00386598 0.00000000 -0.00646831 0.00000000 0.00260417 0.00000000 -0.03376623 0.00000000 0.00268817 0.00000000 -0.01340483 0.00000000 0.00067935 0.00000000 0.01425662 0.00000000 0.02677376 0.00000000 0.00195567 0.00000000 -0.01171113 0.00000000 0.01645820 0.00000000 0.01230570 0.00000000 0.01471529 0.00000000 0.00441362 0.00000000 -0.00188324 0.00000000 -0.01132075 0.00000000 0.01972010 0.00000000 0.00873362 0.00000000 -0.00185529 0.00000000 0.02416357 0.00000000 -0.01814882 0.00000000 0.00985829 0.00000000 -0.00366077 -0.00122474 0.00000000 -0.02023299 0.00000000 0.00750939 0.00000000 0.00000000 0.00000000 -0.01614907 0.00000000 0.01515152 0.00000000 0.00621891 0.00000000 0.01421508 0.00000000 -0.00060938 0.00000000 0.01524390 0.00000000 -0.00180180 0.00000000 -0.01143201 0.00000000 0.00912964 0.00000000 -0.01206273 0.00000000 -0.00976801 0.00000000 -0.02712700 0.00000000 0.02091255 0.00000000 0.00744879 0.00000000 -0.00123229 0.00000000 0.01357187 0.00000000 0.00304321 0.00000000 0.00485437 0.00000000 -0.03925121 0.00000000 -0.00691389 0.00000000 0.00886076 0.00000000 0.01003764 0.00000000 -0.00248447 0.00000000 0.01618929 0.00000000 -0.01531863 0.00000000 0.00995644 0.00000000 0.01478743 0.00000000 -0.02125076 0.00000000 0.02295285 0.00000000 0.01940570 0.00000000 0.00000000 0.00000000 0.00000000 0.00000000 0.00000000 0.00000000 0.00000000 0.00000000 0.00000000 0.00000000 0.00000000 0.00000000 0.00000000 0.00000000 0.00000000 0.00000000 0.00000000 0.00000000 0.00000000 0.00000000 0.00000000 0.00000000 0.00000000 0.00000000 0.00000000 0.00000000 0.00000000 0.00000000 0.00000000 0.00000000 0.00000000 0.00000000 0.00000000 0.00000000 0.00000000 0.00000000 0.00000000 0.00000000 0.00000000 0.00000000 0.00000000 0.00000000 0.00000000 0.00000000 0.00000000 0.00000000 0.00000000 0.00000000 0.00000000 0.00000000 0.00000000 -0.12195122 0.00000000 -0.00745257 0.00000000 0.00955631 0.00000000 -0.00473293 0.00000000 -0.00135870 0.00000000 0.05170068 0.00000000 -0.01681759 0.00000000 -0.00986842 0.00000000 -0.02724252 0.00000000 0.01229508 0.00000000 0.00472335 0.00000000 0.01074547 0.00000000 -0.00730897 0.00000000 0.02074967 0.00000000 0.00918033 0.00000000 -0.00064977 0.00000000 0.00260078 0.00000000 0.00453956 0.00000000 0.00000000 0.00000000 0.02711427 0.00000000 -0.01319925 0.00000000 0.00573248 0.00000000 0.02343255 0.00000000 -0.01608911 0.00000000 0.00251572 0.00000000 0.00815558 0.00000000 0.00186683 0.00000000 0.00869565 0.00000000 -0.00738916 0.00000000 0.00000000 0.00000000 0.00992556 0.00000000 -0.00675676 0.00000000 -0.00742115 0.00000000 0.00311526 0.00000000 0.00062112 0.00000000 0.00000000 0.00000000 0.03351955 0.00000000 -0.01921922 0.00000000 0.01224740 0.00000000 0.01088929 0.00000000 -0.01735488 0.00000000 -0.00487211 0.00000000 0.00489596 0.00000000 -0.01096224 0.00000000 -0.00985222 0.00000000 0.01430348 0.00000000 0.00061312 0.00000000 0.00183824 0.00000000 0.01406728 0.00000000 0.00542823 0.00000000 -0.01739652 0.00000000 -0.01587302 0.00000000 0.00620347 0.00000000 0.02096178 0.00000000 -0.00724638 0.00000000 0.01824818 0.00000000 -0.00119474 0.00000000 0.00657895 0.00000000 0.00891266 0.00000000 -0.00765607 0.00000000 -0.01186944 0.00000000 0.00660661 0.00000000 0.01252983 0.00000000 -0.00766058 0.00000000 -0.02731591 0.00000000 -0.04884005 0.00000000 0.03465982 0.00000000 0.01985112 0.00000000 0.02007299 0.00000000 0.00596303 0.00000000 -0.00414938 0.00000000 -0.00595238 0.00000000 0.00000000 0.00000000 -0.00718563 0.00000000 -0.01387214 0.00000000 -0.01223242 0.00000000 0.01547988 0.00000000 0.01768293 0.00000000 0.00119832 0.00000000 0.00000000
0.00000000 -0.66271694 0.00000000 0.01029099 0.00000000 -0.00597120 0.00000000 -0.01978799 0.00000000 -0.01459986 0.00000000 -0.03292482 0.00000000 0.01399660 0.00000000 0.00988622 0.00000000 -0.00424825 0.00000000 -0.01038768 0.00000000 0.01124649 0.00000000 -0.04504171 0.00000000 0.02135093 0.00000000 0.00323071 0.00000000 -0.01420724 0.00000000 0.02555726 0.00000000 0.02417088 0.00000000 0.01445298 0.00000000 0.00811542 0.00000000 0.00393560 0.00000000 0.00035638 0.00000000 -0.00944068 0.00000000 0.01168855 0.00000000 0.00124422 0.00000000 -0.02059293 0.00000000 0.00054377 0.00000000 -0.02844203 0.00000000 0.01398471 0.00000000 0.01949246 0.00000000 0.02164502 0.00000000 -0.01412429 0.00000000 0.00841691 0.00000000 -0.00053277 0.00000000 -0.01226013 0.00000000 0.00881453 0.00000000 -0.03245364 0.00000000 0.01326944 0.00000000 0.02855584 0.00000000 0.01962865 0.00000000 -0.01560874 0.00000000 -0.05250176 0.00000000 0.00780959 0.00000000 -0.05018450 0.00000000 0.01184926 0.00000000 -0.00326358 0.00000000 -0.00231125 0.00000000 0.00347490 0.00000000 0.02116199 0.00000000 -0.02147702 0.00000000 -0.00924143 0.00000000 -0.05071901 0.00000000 0.01105425 0.00000000 0.00688398 0.00000000 0.02634225 0.00000000 0.00000000 0.00000000 -0.00920846 0.00000000 0.00968954 0.00000000 -0.01899726 0.00000000 0.03114394 0.00000000 0.00154889 0.00000000 -0.02126426 0.00000000 -0.00928303 0.00000000 0.00039872 0.00000000 0.02750100 0.00000000 -0.00523662 0.00000000 0.01696237 0.00000000 -0.01763804 0.00000000 0.01463700 0.00000000 0.00923254 -0.00304936 0.00000000 -0.02905754 0.00000000 0.02362670 0.00000000 -0.00307751 0.00000000 -0.00192938 0.00000000 0.00483279 0.00000000 0.01789150 0.00000000 0.00396900 0.00000000 0.00188253 0.00000000 0.03288238 0.00000000 -0.01200655 0.00000000 -0.00165715 0.00000000 0.00608632 0.00000000 0.01723190 0.00000000 -0.00774914 0.00000000 -0.02161279 0.00000000 0.00297011 0.00000000 0.01332593 0.00000000 0.00091324 0.00000000 0.02682482 0.00000000 -0.00284343 0.00000000 0.01550526 0.00000000 -0.01000351 0.00000000 -0.01684099 0.00000000 -0.01298233 0.00000000 0.00018268 0.00000000 0.00566210 0.00000000 0.02306575 0.00000000 -0.00319546 0.00000000 -0.00391808 0.00000000 -0.00518505 0.00000000 -0.00125809 0.00000000 -0.01205687 0.00000000 0.00091075 0.00000000 0.00000000 0.00000000 0.00000000 0.00000000 0.00000000 0.00000000 0.00000000 0.00000000 0.00000000 0.00000000 0.00000000 0.00000000 0.00000000 0.00000000 0.00000000 0.00000000 0.00000000 0.00000000 0.00000000 0.00000000 0.00000000 0.00000000 0.00000000 0.00000000 0.00000000 0.00000000 0.00000000 0.00000000 0.00000000 0.00000000 0.00000000 0.00000000 0.00000000 0.00000000 0.00000000 0.00000000 0.00000000 0.00000000 0.00000000 0.00000000 0.00000000 0.00000000 0.00000000 0.00000000 0.00000000 0.00000000 0.00000000 0.00000000 0.00000000 0.00000000 0.00000000 0.07861692 0.00000000 0.02311456 0.00000000 -0.01368734 0.00000000 -0.01571644 0.00000000 0.02191269 0.00000000 0.02393617 0.00000000 0.00032468 0.00000000 -0.00146056 0.00000000 -0.03916789 0.00000000 0.03788904 0.00000000 0.02200130 0.00000000 -0.01897624 0.00000000 -0.03738622 0.00000000 0.00236407 0.00000000 0.01667790 0.00000000 0.02966031 0.00000000 -0.01223045 0.00000000 -0.01238188 0.00000000 0.01600132 0.00000000 0.00308492 0.00000000 -0.02168987 0.00000000 -0.01886168 0.00000000 0.01500843 0.00000000 -0.03721548 0.00000000 0.00655738 0.00000000 0.01611521 0.00000000 0.00911085 0.00000000 -0.00033439 0.00000000 0.00936611 0.00000000 0.00198840 0.00000000 0.00231520 0.00000000 -0.01319914 0.00000000 0.00585186 0.00000000 -0.01146941 0.00000000 -0.01092988 0.00000000 0.01802108 0.00000000 0.01670007 0.00000000 -0.01987516 0.00000000 0.01323948 0.00000000 0.03886867 0.00000000 0.03072759 0.00000000 0.00973123 0.00000000 -0.00244761 0.00000000 -0.03603742 0.00000000 -0.02545339 0.00000000 0.00114267 0.00000000 -0.00994619 0.00000000 -0.01597497 0.00000000 0.04451883 0.00000000 0.00208300 0.00000000 0.00143908 0.00000000 -0.02043749 0.00000000 -0.00472698 0.00000000 0.01015395 0.00000000 0.00162127 0.00000000 -0.01521528 0.00000000 -0.00788955 0.00000000 -0.00811796 0.00000000 -0.00584600 0.00000000 -0.01276882 0.00000000 -0.02961198 0.00000000 0.01876535 0.00000000 0.00723016 0.00000000 -0.01674927 0.00000000 -0.01181992 0.00000000 -0.00985048 0.00000000 -0.02433825 0.00000000 0.04096868 0.00000000 0.01241910 0.00000000 -0.01036628 0.00000000 -0.03020251 0.00000000 -0.01044104 0.00000000 -0.00818628 0.00000000 0.01118855 0.00000000 0.02321785 0.00000000 -0.00336820 0.00000000 -0.00818214 0.00000000 0.00376614 0.00000000 0.00839736 0.00000000
0.00000000 0.00000000 1.38128987 0.00000000 0.00892857 0.00000000 -0.00884956 0.00000000 -0.00520833 0.00000000 -0.02468212 0.00000000 -0.04754601 0.00000000 0.03140097 0.00000000 0.00156128 0.00000000 -0.00545596 0.00000000 0.01253918 0.00000000 -0.00386997 0.00000000 -0.03341103 0.00000000 0.00080386 0.00000000 0.00963855 0.00000000 -0.00477327 0.00000000 0.01358913 0.00000000 0.01104101 0.00000000 0.01716069 0.00000000 0.01840491 0.00000000 -0.00451807 0.00000000 0.00756430 0.00000000 -0.00675676 0.00000000 0.00453515 0.00000000 -0.00451467 0.00000000 -0.01284958 0.00000000 -0.00382848 0.00000000 -0.00691776 0.00000000 0.01006192 0.00000000 0.01379310 0.00000000 0.00680272 0.00000000 -0.01126126 0.00000000 0.01290812 0.00000000 -0.01874063 0.00000000 0.00763942 0.00000000 -0.00530705 0.00000000 -0.02134146 0.00000000 -0.00389408 0.00000000 0.01563722 0.00000000 0.00692841 0.00000000 -0.02522936 0.00000000 -0.05019608 0.00000000 0.01073493 0.00000000 -0.01715686 0.00000000 0.01911887 0.00000000 0.00081566 0.00000000 0.00488998 0.00000000 -0.01540957 0.00000000 0.02306425 0.00000000 -0.02334944 0.00000000 0.01071723 0.00000000 -0.03181077 0.00000000 -0.00252738 0.00000000 0.00929054 0.00000000 0.02761506 0.00000000 -0.00081433 0.00000000 -0.00733496 0.00000000 0.00492611 0.00000000 0.00408497 0.00000000 0.01952807 0.00000000 -0.00239425 0.00000000 -0.01440000 0.00000000 0.00162338 0.00000000 0.00324149 0.00000000 0.01534733 0.00000000 -0.00238663 0.00000000 0.02711324 0.00000000 -0.00310559 0.00000000 0.01012461 0.00000000 0.00077101 -0.01001541 0.00000000 -0.02957198 0.00000000 0.01363272 0.00000000 -0.00395570 0.00000000 0.00158856 0.00000000 0.00872324 0.00000000 0.01100629 0.00000000 0.02255054 0.00000000 -0.00076046 0.00000000 0.02207002 0.00000000 -0.00670141 0.00000000 0.00149925 0.00000000 0.00449102 0.00000000 -0.01043219 0.00000000 -0.02033133 0.00000000 -0.01844735 0.00000000 0.00078309 0.00000000 0.00938967 0.00000000 0.01472868 0.00000000 0.01527884 0.00000000 -0.00978179 0.00000000 0.00455927 0.00000000 -0.02420575 0.00000000 0.01240310 0.00000000 -0.01301685 0.00000000 0.01086113 0.00000000 0.00076746 0.00000000 0.02300613 0.00000000 -0.01274363 0.00000000 -0.00303721 0.00000000 0.00761615 0.00000000 -0.02116402 0.00000000 0.01698842 0.00000000 0.03113136 0.00000000 0.00736377 -0.00365497 0.00660308 0.00947522 -0.01299639 -0.03511339 0.02274450 0.00000000 -0.00444774 -0.00148920 0.00000000 -0.07979120 -0.00648298 -0.14355628 -0.03142857 0.05801377 -0.03066914 0.06327900 0.00270514 0.00359712 0.01075269 0.00797872 0.00087951 0.03251318 0.02212766 0.03913405 -0.02403846 0.02873563 -0.00877893 0.01046699 0.00159363 0.01272872 -0.00549882 -0.02606635 0.00973236 0.01526104 -0.01186709 0.01040833 -0.01347068 0.02409639 0.00235294 -0.02425665 0.01202887 0.02218700 -0.00387597 -0.00856031 -0.02590267 0.04431910 0.03472222 0.00894855 0.01108647 0.00804094 0.00000000 0.01595359 0.00000000 -0.00428266 0.00000000 -0.00788530 0.00000000 0.01372832 0.00000000 0.03421240 0.00000000 -0.00206754 0.00000000 0.00621547 0.00000000 -0.03363075 0.00000000 0.01349432 0.00000000 0.01121233 0.00000000 -0.00693001 0.00000000 -0.02651779 0.00000000 0.00000000 0.00000000 0.01720430 0.00000000 0.00140944 0.00000000 -0.00422238 0.00000000 0.00636042 0.00000000 0.02598315 0.00000000 0.00821355 0.00000000 -0.01018330 0.00000000 0.00205761 0.00000000 0.00547570 0.00000000 -0.02927161 0.00000000 0.00771388 0.00000000 0.01252610 0.00000000 0.01099656 0.00000000 0.00475867 0.00000000 0.00067659 0.00000000 0.00811359 0.00000000 0.00402414 0.00000000 -0.01202405 0.00000000 0.00135227 0.00000000 0.00202566 0.00000000 -0.01617251 0.00000000 0.00821918 0.00000000 0.00883152 0.00000000 -0.01818182 0.00000000 0.01508916 0.00000000 0.01554054 0.00000000 -0.00731870 0.00000000 -0.00536193 0.00000000 0.00067385 0.00000000 -0.01279461 0.00000000 -0.00409277 0.00000000 0.01095890 0.00000000 0.00542005 0.00000000 0.00000000 0.00000000 0.02493261 0.00000000 0.00657462 0.00000000 -0.00979752 0.00000000 -0.01385224 0.00000000 -0.00535117 0.00000000 0.02017485 0.00000000 -0.01252472 0.00000000 0.00333778 0.00000000 0.00133067 0.00000000 -0.00930233 0.00000000 0.00134138 0.00000000 -0.01004689 0.00000000 -0.02774019 0.00000000 0.00278358 0.00000000 0.01734906 0.00000000 -0.01364256 0.00000000 -0.02282158 0.00000000 -0.02547771 0.00000000 0.00217865 0.00000000 0.02898551 0.00000000 0.01197183 0.00000000 0.00765484 0.00000000 -0.00414365 0.00000000 -0.00832178 0.00000000 -0.00909091 0.00000000 0.00776288 0.00000000 -0.00910364 0.00000000 -0.02332155 0.00000000 0.01374819 0.00000000 0.00071378 0.00000000 0.01569187
0.00000000 0.00000000 0.00000000 -0.20014045 0.00000000 -0.00526778 0.00000000 -0.00529568 0.00000000 -0.00887311 0.00000000 -0.01432408 0.00000000 -0.03996367 0.00000000 0.01797540 0.00000000 0.01208178 0.00000000 0.00550964 0.00000000 0.01369863 0.00000000 -0.00180180 0.00000000 -0.03971119 0.00000000 -0.00657895 0.00000000 -0.00283822 0.00000000 0.00189753 0.00000000 0.01041667 0.00000000 0.01124649 0.00000000 0.01390176 0.00000000 0.01736746 0.00000000 -0.00359389 0.00000000 0.00991885 0.00000000 -0.00714286 0.00000000 0.00179856 0.00000000 -0.00897666 0.00000000 -0.01630435 0.00000000 0.00276243 0.00000000 -0.01193756 0.00000000 0.01765799 0.00000000 0.00913242 0.00000000 0.00814480 0.00000000 -0.00628366 0.00000000 0.02258356 0.00000000 -0.00883392 0.00000000 -0.00445633 0.00000000 0.00268577 0.00000000 -0.02946429 0.00000000 0.00459982 0.00000000 0.01190476 0.00000000 -0.00904977 0.00000000 -0.03744292 0.00000000 -0.05028463 0.00000000 0.01098901 0.00000000 -0.03171937 0.00000000 0.03990203 0.00000000 -0.00785083 0.00000000 0.00494560 0.00000000 -0.00885827 0.00000000 0.01886792 0.00000000 -0.00779727 0.00000000 -0.00098232 0.00000000 -0.02143559 0.00000000 0.01487138 0.00000000 -0.01207921 0.00000000 0.02826218 0.00000000 0.00877193 0.00000000 -0.00193237 0.00000000 0.01258470 0.00000000 0.00764818 0.00000000 0.01233397 0.00000000 0.01312090 0.00000000 -0.01850139 0.00000000 -0.00848256 0.00000000 -0.00380228 0.00000000 0.02290076 0.00000000 -0.01399254 0.00000000 0.01986755 0.00000000 0.00463822 0.00000000 0.00738689 0.00000000 0.00000000 -0.00366636 0.00000000 -0.02851886 0.00000000 -0.00473485 0.00000000 0.00761180 0.00000000 0.00566572 0.00000000 0.00375587 0.00000000 0.01309635 0.00000000 0.03139428 0.00000000 0.00805730 0.00000000 0.01865009 0.00000000 -0.00697472 0.00000000 0.00614574 0.00000000 0.00261780 0.00000000 -0.01044386 0.00000000 -0.02374670 0.00000000 -0.01891892 0.00000000 0.00642792 0.00000000 0.00638686 0.00000000 0.01722575 0.00000000 0.00356506 0.00000000 -0.00621670 0.00000000 -0.01697945 0.00000000 -0.01454545 0.00000000 -0.00369004 0.00000000 -0.01388889 0.00000000 0.02065728 0.00000000 0.00183993 0.00000000 0.02938476 0.00000000 -0.01427297 0.00000000 -0.00995475 0.00000000 -0.00091408 0.00000000 -0.01921317 0.00000000 0.01399254 0.00000000 0.00367985 0.00000000 0.00000000 0.00000000 0.00000000 0.00000000 0.00000000 0.00000000 0.00000000 0.00000000 0.00000000 0.00000000 0.00000000 0.00000000 0.00000000 0.00000000 0.00000000 0.00000000 0.00000000 0.00000000 0.00000000 0.00000000 0.00000000 0.00000000 0.00000000 0.00000000 0.00000000 0.00000000 0.00000000 0.00000000 0.00000000 0.00000000 0.00000000 0.00000000 0.00000000 0.00000000 0.00000000 0.00000000 0.00000000 0.00000000 0.00000000 0.00000000 0.00000000 0.00000000 0.00000000 0.00000000 0.00000000 0.00000000 0.00000000 0.00000000 0.00000000 0.00000000 0.00000000 0.13107241 0.00000000 0.03403566 0.00000000 -0.02429467 0.00000000 0.00000000 0.00000000 0.02088353 0.00000000 0.06136900 0.00000000 -0.00889548 0.00000000 0.01271503 0.00000000 -0.05022157 0.00000000 0.03576983 0.00000000 0.00300300 0.00000000 -0.00523952 0.00000000 -0.02483070 0.00000000 0.01234568 0.00000000 0.00533537 0.00000000 -0.00985595 0.00000000 -0.00076570 0.00000000 0.00842912 0.00000000 0.02355623 0.00000000 0.01336303 0.00000000 -0.00732601 0.00000000 0.00000000 0.00000000 0.00442804 0.00000000 -0.04555474 0.00000000 0.00153965 0.00000000 0.02536510 0.00000000 0.01049475 0.00000000 0.00000000 0.00000000 0.01038576 0.00000000 0.00220264 0.00000000 0.00000000 0.00000000 -0.01758242 0.00000000 0.01491424 0.00000000 -0.00587803 0.00000000 -0.02586844 0.00000000 0.02352049 0.00000000 -0.01482580 0.00000000 -0.02182092 0.00000000 0.02769231 0.00000000 0.01946108 0.00000000 -0.01468429 0.00000000 -0.01117735 0.00000000 -0.00226074 0.00000000 -0.03096677 0.00000000 -0.00311769 0.00000000 0.00781861 0.00000000 0.00853375 0.00000000 -0.00307692 0.00000000 0.02469136 0.00000000 0.00527108 0.00000000 -0.00299625 0.00000000 -0.01728024 0.00000000 0.00993884 0.00000000 0.01968206 0.00000000 -0.01039347 0.00000000 0.00075019 0.00000000 0.00224888 0.00000000 -0.01196709 0.00000000 0.00302801 0.00000000 -0.01283019 0.00000000 -0.02675841 0.00000000 0.00942655 0.00000000 0.02101167 0.00000000 -0.00152439 0.00000000 -0.01908397 0.00000000 0.01245136 0.00000000 -0.00845503 0.00000000 0.02868217 0.00000000 0.00452148 0.00000000 -0.00225056 0.00000000 0.00000000 0.00000000 -0.01954887 0.00000000 -0.00383436 0.00000000 0.00769823 0.00000000 -0.01222307 0.00000000 -0.02088167 0.00000000 0.01105845 0.00000000 0.00234375 0.00000000
0.02260327 0.00000000 0.00000000 0.00000000 1.26067073 0.00000000 0.00337154 0.00000000 0.00168011 0.00000000 -0.01174103 0.00000000 -0.02002716 0.00000000 -0.04364392 0.00000000 0.03078595 0.00000000 -0.00562193 0.00000000 -0.01448763 0.00000000 0.01828612 0.00000000 -0.00563380 0.00000000 -0.04249292 0.00000000 0.01516272 0.00000000 0.00765027 0.00000000 0.00000000 0.00000000 0.02169197 0.00000000 0.00920028 0.00000000 0.01016830 0.00000000 0.01423117 0.00000000 -0.00068446 0.00000000 -0.00547945 0.00000000 -0.01239669 0.00000000 -0.00732218 0.00000000 0.01440112 0.00000000 -0.01558172 0.00000000 0.00175871 0.00000000 0.00561798 0.00000000 0.00977654 0.00000000 0.01279391 0.00000000 0.01365654 0.00000000 -0.02862917 0.00000000 0.00104022 0.00000000 -0.01766540 0.00000000 0.01939351 0.00000000 -0.00622622 0.00000000 -0.03132614 0.00000000 0.01113906 0.00000000 0.02025586 0.00000000 -0.00940439 0.00000000 -0.02355837 0.00000000 -0.04969391 0.00000000 0.00037893 0.00000000 -0.02007576 0.00000000 0.03788172 0.00000000 -0.01452514 0.00000000 0.00075586 0.00000000 -0.01661631 0.00000000 0.02572965 0.00000000 -0.02583302 0.00000000 0.00538048 0.00000000 -0.02981651 0.00000000 0.00157604 0.00000000 0.00393391 0.00000000 0.02860502 0.00000000 0.00114286 0.00000000 -0.01179604 0.00000000 0.01193685 0.00000000 -0.00608828 0.00000000 0.02718224 0.00000000 0.00931793 0.00000000 -0.00221566 0.00000000 -0.01591414 0.00000000 0.01918014 0.00000000 0.00221402 0.00000000 -0.00036819 0.00000000 0.02946593 0.00000000 0.00608229 0.00000000 0.01137980 0.00000000 0.00000000 -0.00773558 0.00000000 -0.02019844 0.00000000 0.02350814 0.00000000 0.00035336 0.00000000 -0.01730837 0.00000000 0.02803738 0.00000000 0.00874126 0.00000000 0.02634315 0.00000000 0.00067545 0.00000000 0.01889976 0.00000000 -0.00695595 0.00000000 -0.00700467 0.00000000 0.01410816 0.00000000 -0.02683008 0.00000000 -0.00476515 0.00000000 -0.02804378 0.00000000 0.01161154 0.00000000 0.01495652 0.00000000 0.00479781 0.00000000 0.00306958 0.00000000 -0.00476029 0.00000000 0.00341647 0.00000000 -0.03030303 0.00000000 0.00772472 0.00000000 -0.00313589 0.00000000 0.01153443 0.00000000 -0.00310988 0.00000000 0.02149047 0.00000000 -0.00542925 0.00000000 -0.00136472 0.00000000 0.00273317 0.00000000 -0.01669506 0.00000000 0.00450450 0.00000000 0.00103484 0.00000000 0.00000000 0.00000000 0.00000000 0.00000000 0.00000000 0.00000000 0.00000000 0.00000000 0.00000000 0.00000000 0.00000000 0.00000000 0.00000000 0.00000000 0.00000000 0.00000000 0.00000000 0.00000000 0.00000000 0.00000000 0.00000000 0.00000000 0.00000000 0.00000000 0.00000000 0.00000000 0.00000000 0.00000000 0.00000000 0.00000000 0.00000000 0.00000000 0.00000000 0.00000000 0.00000000 0.00000000 0.00000000 0.00000000 0.00000000 0.00000000 0.00000000 0.00000000 0.00000000 0.00000000 0.00000000 0.00000000 0.00000000 0.00000000 0.00000000 0.00000000 0.00000000 0.06616127 0.00000000 0.01098901 0.00000000 0.00799233 0.00000000 -0.01363781 0.00000000 0.01543408 0.00000000 0.02184927 0.00000000 -0.01735358 0.00000000 0.00000000 0.00000000 -0.02396720 0.00000000 0.01873990 0.00000000 0.00634317 0.00000000 -0.01386700 0.00000000 -0.01342282 0.00000000 0.00000000 0.00000000 0.02235180 0.00000000 0.00570342 0.00000000 0.00189036 0.00000000 0.01069182 0.00000000 0.03298071 0.00000000 0.01054217 0.00000000 -0.00298063 0.00000000 -0.00179372 0.00000000 0.01287811 0.00000000 -0.01655825 0.00000000 0.01112447 0.00000000 0.01338091 0.00000000 0.00528169 0.00000000 0.01605371 0.00000000 -0.00114910 0.00000000 0.00373886 0.00000000 0.00114613 0.00000000 -0.00486548 0.00000000 -0.00345125 0.00000000 0.01558442 0.00000000 -0.00369423 0.00000000 -0.00370793 0.00000000 0.01545949 0.00000000 -0.01099521 0.00000000 0.00940707 0.00000000 0.00903700 0.00000000 -0.01707249 0.00000000 -0.00654897 0.00000000 -0.00057323 0.00000000 -0.02896473 0.00000000 0.00265800 0.00000000 0.01561119 0.00000000 0.01392111 0.00000000 0.00286041 0.00000000 0.04478038 0.00000000 -0.00109200 0.00000000 -0.01694452 0.00000000 -0.03141507 0.00000000 0.00143513 0.00000000 0.02436228 0.00000000 -0.00839396 0.00000000 0.00846501 0.00000000 0.00559597 0.00000000 -0.01224263 0.00000000 -0.01126761 0.00000000 -0.01424501 0.00000000 -0.03699422 0.00000000 0.01620648 0.00000000 0.00561134 0.00000000 -0.01527166 0.00000000 -0.03906949 0.00000000 -0.06362508 0.00000000 0.04408353 0.00000000 0.03174603 0.00000000 0.01046154 0.00000000 0.01705238 0.00000000 -0.00988024 0.00000000 -0.00907167 0.00000000 0.00579799 0.00000000 -0.00910194 0.00000000 -0.01745254 0.00000000 -0.00779059 0.00000000 0.00565327 0.00000000 0.01811368
0.00000000 0.00368098 0.00000000 0.00000000 0.00000000 0.00000000 -0.79342910 0.00000000 -0.00192336 0.00000000 -0.00607768 0.00000000 -0.00492170 0.00000000 -0.02203237 0.00000000 -0.04873563 0.00000000 0.02464959 0.00000000 0.00361635 0.00000000 -0.01597995 0.00000000 0.02499602 0.00000000 -0.00652377 0.00000000 -0.03142589 0.00000000 0.01646489 0.00000000 0.01111640 0.00000000 0.01963248 0.00000000 0.01910043 0.00000000 0.00770859 0.00000000 0.01139943 0.00000000 0.01824114 0.00000000 0.00320419 0.00000000 0.00232288 0.00000000 -0.00593859 0.00000000 -0.00247705 0.00000000 -0.01124744 0.00000000 -0.01167085 0.00000000 -0.00119581 0.00000000 -0.00628554 0.00000000 0.01009036 0.00000000 -0.00432384 0.00000000 0.00209644 0.00000000 -0.00926479 0.00000000 0.01085973 0.00000000 -0.01775589 0.00000000 0.01108917 0.00000000 0.00030048 0.00000000 -0.02913788 0.00000000 0.00788985 0.00000000 0.01857252 0.00000000 -0.00602773 0.00000000 -0.02349909 0.00000000 -0.03896910 0.00000000 -0.01615509 0.00000000 -0.01756979 0.00000000 0.05966906 0.00000000 -0.01119874 0.00000000 -0.02520338 0.00000000 -0.00458190 0.00000000 -0.00378103 0.00000000 -0.02442244 0.00000000 -0.02232747 0.00000000 -0.01435986 0.00000000 -0.00403721 0.00000000 0.01357067 0.00000000 0.04990436 0.00000000 0.01440874 0.00000000 -0.00048980 0.00000000 0.00571709 0.00000000 0.00893292 0.00000000 0.01609788 0.00000000 0.01441698 0.00000000 0.00655943 0.00000000 -0.01722265 0.00000000 0.02573413 0.00000000 -0.00661844 0.00000000 -0.00170437 0.00000000 0.03243831 0.00000000 0.00977150 0.00000000 0.01027244 0.00000000 0.00000000 -0.01178898 0.00000000 -0.01759618 0.00000000 0.00425015 0.00000000 -0.01707981 0.00000000 -0.00953406 0.00000000 0.01692284 0.00000000 -0.01908397 0.00000000 0.01836576 0.00000000 0.00259820 0.00000000 0.02225610 0.00000000 -0.00894721 0.00000000 -0.00270840 0.00000000 0.00573325 0.00000000 -0.02070207 0.00000000 -0.01761642 0.00000000 -0.02572899 0.00000000 0.02160691 0.00000000 0.00391665 0.00000000 0.01482522 0.00000000 0.02721821 0.00000000 0.00014970 0.00000000 -0.00119743 0.00000000 -0.04091113 0.00000000 0.03484375 0.00000000 0.01509890 0.00000000 -0.00356983 0.00000000 -0.00074638 0.00000000 0.01344488 0.00000000 -0.01120283 0.00000000 0.00760286 0.00000000 0.03180944 0.00000000 -0.01519931 0.00000000 0.03145020 0.00000000 0.00846979 0.00000000 0.00000000 0.00000000 0.00000000 0.00000000 0.00000000 0.00000000 0.00000000 0.00000000 0.00000000 0.00000000 0.00000000 0.00000000 0.00000000 0.00000000 0.00000000 0.00000000 0.00000000 0.00000000 0.00000000 0.00000000 0.00000000 0.00000000 0.00000000 0.00000000 0.00000000 0.00000000 0.00000000 0.00000000 0.00000000 0.00000000 0.00000000 0.00000000 0.00000000 0.00000000 0.00000000 0.00000000 0.00000000 0.00000000 0.00000000 0.00000000 0.00000000 0.00000000 0.00000000 0.00000000 0.00000000 0.00000000 0.00000000 0.00000000 0.00000000 0.00000000 0.00000000 -0.09182531 0.00000000 -0.01757090 0.00000000 0.00941324 0.00000000 -0.00233136 0.00000000 -0.00046736 0.00000000 0.04644638 0.00000000 -0.02412869 0.00000000 -0.00137363 0.00000000 -0.03026135 0.00000000 0.02253743 0.00000000 0.00138718 0.00000000 -0.01108204 0.00000000 -0.03128405 0.00000000 -0.01188946 0.00000000 0.03821138 0.00000000 0.00328896 0.00000000 0.00624415 0.00000000 0.01458269 0.00000000 0.02889908 0.00000000 0.01634715 0.00000000 -0.00614125 0.00000000 -0.00588495 0.00000000 0.00695575 0.00000000 -0.02616108 0.00000000 0.00452762 0.00000000 0.01066707 0.00000000 -0.00074327 0.00000000 0.01398393 0.00000000 0.00088028 0.00000000 0.01260627 0.00000000 0.01968732 0.00000000 -0.00610449 0.00000000 0.00699900 0.00000000 0.00921986 0.00000000 -0.00562193 0.00000000 0.01215548 0.00000000 0.01256808 0.00000000 0.01034340 0.00000000 0.00109200 0.00000000 0.00681756 0.00000000 -0.00690683 0.00000000 0.00218192 0.00000000 -0.00027215 0.00000000 -0.02899143 0.00000000 0.01275582 0.00000000 0.01522491 0.00000000 0.02208589 0.00000000 0.02614379 0.00000000 0.05446510 0.00000000 -0.01245069 0.00000000 0.00773936 0.00000000 -0.01511210 0.00000000 -0.00754622 0.00000000 0.02230389 0.00000000 -0.02566010 0.00000000 0.01539440 0.00000000 0.00651547 0.00000000 -0.02838292 0.00000000 -0.02088405 0.00000000 -0.03232138 0.00000000 -0.03597025 0.00000000 0.02945715 0.00000000 0.00354272 0.00000000 -0.02294637 0.00000000 -0.01167315 0.00000000 0.00393701 0.00000000 0.00238095 0.00000000 0.03898281 0.00000000 0.01452394 0.00000000 0.01219512 0.00000000 -0.01244107 0.00000000 -0.01737170 0.00000000 -0.00107962 0.00000000 0.00716023 0.00000000 -0.03272971 0.00000000 -0.01164887 0.00000000 -0.03409569
0.00000000 0.03195816 0.00000000 0.01675113 0.00000000 0.00000000 0.01010660 0.00000000 -0.00424890 0.00000000 0.00192705 0.00000000 -0.00137382 0.00000000 -0.00866694 0.00000000 -0.00638357 0.00000000 -0.00572626 0.00000000 0.00379267 0.00000000 0.00419815 0.00000000 -0.01128763 0.00000000 0.00366455 0.00000000 -0.00435332 0.00000000 0.00451340 0.00000000 -0.00407189 0.00000000 0.00000000 0.00000000 -0.00014098 0.00000000 0.00310209 0.00000000 0.00365477 0.00000000 -0.00406162 0.00000000 -0.00618760 0.00000000 0.00495260 0.00000000 0.00239369 0.00000000 -0.01151847 0.00000000 0.00596845 0.00000000 -0.00127137 0.00000000 -0.00183876 0.00000000 0.00099192 0.00000000 0.00297282 0.00000000 0.00268172 0.00000000 -0.00323761 0.00000000 -0.00240079 0.00000000 0.00679502 0.00000000 0.00351519 0.00000000 -0.00392322 0.00000000 -0.00225067 0.00000000 -0.00789511 0.00000000 -0.00483160 0.00000000 -0.00285592 0.00000000 0.00171846 0.00000000 -0.00643317 0.00000000 -0.00187050 0.00000000 0.00000000 0.00000000 0.01412714 0.00000000 -0.00454869 0.00000000 -0.00342710 0.00000000 -0.00530162 0.00000000 -0.00100835 0.00000000 -0.00389329 0.00000000 -0.00231616 0.00000000 0.00246663 0.00000000 0.00014474 0.00000000 0.00115774 0.00000000 0.00289101 0.00000000 -0.00230614 0.00000000 0.00158914 0.00000000 0.00908698 0.00000000 0.00886221 0.00000000 0.00325871 0.00000000 0.00155345 0.00000000 0.00141004 0.00000000 -0.00337933 0.00000000 0.00028257 0.00000000 0.00183616 0.00000000 0.01156069 0.00000000 0.00097561 0.00000000 -0.00543024 0.00000000 0.00139997 0.00000000 0.00111841 0.00000000 0.00516688 -0.00083356 0.00000000 -0.00027809 0.00000000 0.00570236 0.00000000 -0.00165952 0.00000000 0.00443275 0.00000000 -0.00110330 0.00000000 0.00510838 0.00000000 0.00576923 0.00000000 -0.00068287 0.00000000 0.01517015 0.00000000 -0.00848142 0.00000000 0.00638153 0.00000000 0.00701565 0.00000000 0.00683280 0.00000000 0.00412508 0.00000000 0.00225285 0.00000000 -0.00753669 0.00000000 0.01305622 0.00000000 -0.01604419 0.00000000 -0.00815290 0.00000000 0.00862417 0.00000000 0.00694723 0.00000000 -0.00145947 0.00000000 -0.01408451 0.00000000 0.00026954 0.00000000 0.00835354 0.00000000 0.00347408 0.00000000 -0.00758988 0.00000000 0.00322018 0.00000000 -0.00026749 0.00000000 0.00575251 0.00000000 -0.01077414 0.00000000 0.00000000 0.00000000 0.00685760 0.00000000 0.00000000 0.00000000 0.00000000 0.00000000 0.00000000 0.00000000 0.00000000 0.00000000 0.00000000 0.00000000 0.00000000 0.00000000 0.00000000 0.00000000 0.00000000 0.00000000 0.00000000 0.00000000 0.00000000 0.00000000 0.00000000 0.00000000 0.00000000 0.00000000 0.00000000 0.00000000 0.00000000 0.00000000 0.00000000 0.00000000 0.00000000 0.00000000 0.00000000 0.00000000 0.00000000 0.00000000 0.00000000 0.00000000 0.00000000 0.00000000 0.00000000 0.00000000 0.00000000 0.00000000 0.00000000 0.00000000 0.00000000 0.00000000 0.00000000 0.00000000 0.00000000 0.05649038 0.00000000 0.01049172 0.00000000 -0.00750563 0.00000000 0.00063020 0.00000000 0.00717975 0.00000000 -0.00525263 0.00000000 -0.00766910 0.00000000 0.00506778 0.00000000 -0.00252111 0.00000000 -0.00998357 0.00000000 0.00548889 0.00000000 -0.01206043 0.00000000 -0.01452069 0.00000000 0.00482462 0.00000000 -0.00687776 0.00000000 -0.00522671 0.00000000 0.00617365 0.00000000 -0.00326371 0.00000000 0.00497708 0.00000000 0.00456145 0.00000000 0.00272444 0.00000000 -0.00543408 0.00000000 0.00208144 0.00000000 -0.00662080 0.00000000 0.00065342 0.00000000 0.00430978 0.00000000 -0.00065020 0.00000000 0.00481457 0.00000000 -0.00207200 0.00000000 0.00090838 0.00000000 0.00466744 0.00000000 0.00387147 0.00000000 0.00154261 0.00000000 0.00487742 0.00000000 0.00229914 0.00000000 0.00318593 0.00000000 -0.00203252 0.00000000 0.00432790 0.00000000 -0.00583016 0.00000000 0.00038246 0.00000000 -0.00777367 0.00000000 -0.00436681 0.00000000 -0.00683695 0.00000000 -0.00961164 0.00000000 -0.01127869 0.00000000 0.00636689 0.00000000 -0.00751285 0.00000000 0.01540505 0.00000000 0.01150929 0.00000000 -0.00297388 0.00000000 0.00207496 0.00000000 -0.00155300 0.00000000 0.00285159 0.00000000 -0.00284348 0.00000000 -0.00025924 0.00000000 -0.01166861 0.00000000 -0.00209891 0.00000000 -0.01012226 0.00000000 0.00172643 0.00000000 -0.00835211 0.00000000 -0.00989305 0.00000000 -0.01593303 0.00000000 -0.01097695 0.00000000 0.00430078 0.00000000 -0.00718331 0.00000000 0.00820927 0.00000000 -0.02497930 0.00000000 0.00353857 0.00000000 -0.00437236 0.00000000 0.00325825 0.00000000 -0.00522451 0.00000000 -0.00965224 0.00000000 -0.01390282 0.00000000 0.00043605 0.00000000 -0.00711899 0.00000000 0.01024290 0.00000000 -0.01491889
0.00000000 0.00367593 0.00000000 -0.00922942 0.00000000 0.00000000 0.00000000 3.67987579 0.00000000 -0.00063191 0.00000000 -0.00316156 0.00000000 0.00031716 0.00000000 -0.01616994 0.00000000 -0.05446342 0.00000000 0.04089980 0.00000000 0.01015062 0.00000000 -0.01361426 0.00000000 0.01610253 0.00000000 0.00226391 0.00000000 -0.04969345 0.00000000 0.00033956 0.00000000 -0.00305499 0.00000000 0.00442629 0.00000000 0.00237288 0.00000000 0.00811633 0.00000000 0.01039919 0.00000000 0.03486056 0.00000000 -0.00898300 0.00000000 0.01618647 0.00000000 0.00223001 0.00000000 0.00190718 0.00000000 -0.00444162 0.00000000 -0.02453792 0.00000000 -0.00751388 0.00000000 -0.02600395 0.00000000 0.03075363 0.00000000 0.00786885 0.00000000 0.01594014 0.00000000 -0.02657701 0.00000000 0.02861842 0.00000000 -0.03165974 0.00000000 0.01684280 0.00000000 -0.00097434 0.00000000 -0.03543563 0.00000000 -0.00269633 0.00000000 0.01149037 0.00000000 0.00534581 0.00000000 -0.05583250 0.00000000 -0.04259064 0.00000000 0.00588235 0.00000000 -0.02046784 0.00000000 0.06604478 0.00000000 -0.02030102 0.00000000 0.03501250 0.00000000 -0.01518813 0.00000000 0.03960743 0.00000000 -0.01786918 0.00000000 0.01098524 0.00000000 -0.02784380 0.00000000 -0.00279427 0.00000000 -0.01050788 0.00000000 0.03292035 0.00000000 0.00822481 0.00000000 -0.00747791 0.00000000 0.02602740 0.00000000 0.00467290 0.00000000 0.00564784 0.00000000 0.01057152 0.00000000 -0.00653808 0.00000000 -0.00789733 0.00000000 0.01658375 0.00000000 0.02283850 0.00000000 0.00287081 0.00000000 0.03307888 0.00000000 0.00523399 0.00000000 0.01102603 0.00000000 -0.00666465 0.00701433 0.00000000 -0.04694125 0.00000000 -0.01366381 0.00000000 -0.00708763 0.00000000 0.01265412 0.00000000 -0.00640820 0.00000000 0.01580135 0.00000000 0.04158730 0.00000000 0.00731484 0.00000000 0.02390318 0.00000000 -0.00916076 0.00000000 0.01640322 0.00000000 0.00557512 0.00000000 -0.01867523 0.00000000 -0.02022004 0.00000000 -0.00940819 0.00000000 0.00857843 0.00000000 0.00546780 0.00000000 0.01631420 0.00000000 0.00208086 0.00000000 -0.01334915 0.00000000 0.00781720 0.00000000 -0.01073986 0.00000000 -0.00693607 0.00000000 0.00091102 0.00000000 0.00364078 0.00000000 0.01209190 0.00000000 0.03195938 0.00000000 -0.02344428 0.00000000 0.00177830 0.00000000 -0.00355030 0.00000000 -0.01098575 0.00000000 0.02191534 0.00000000 0.03907168 0.00000000 0.00735086 0.01038451 0.01250000 0.01755830 -0.03585872 -0.05089485 0.05833824 0.00000000 0.00417595 -0.01524813 0.00000000 -0.05377252 0.00833085 -0.04809678 -0.03130812 0.00224000 -0.01532567 0.04182879 0.04046063 -0.02572540 0.02548357 -0.00808383 0.02022336 -0.00680473 0.00089366 0.05714286 -0.00506757 0.04046406 0.01006255 0.03015617 0.03345531 -0.01466869 -0.01822382 0.00156863 0.01748891 0.00307850 0.00946292 0.03040284 -0.01819523 0.02504383 0.00390911 -0.02092967 0.01043997 0.03911439 0.00710227 -0.00305595 -0.01556237 0.04431138 -0.00045872 0.01262047 0.00385225 0.00902935 0.00000000 0.02371365 0.00000000 -0.02054196 0.00000000 -0.00089246 0.00000000 0.03081733 0.00000000 0.05437608 0.00000000 0.01458804 0.00000000 0.03645200 0.00000000 -0.05119187 0.00000000 0.06342669 0.00000000 0.01955848 0.00000000 -0.01500475 0.00000000 -0.07539530 0.00000000 0.00771637 0.00000000 -0.01034768 0.00000000 -0.00794647 0.00000000 -0.00653457 0.00000000 0.01973265 0.00000000 0.00041615 0.00000000 -0.00145591 0.00000000 -0.00270777 0.00000000 -0.00584795 0.00000000 -0.01050420 0.00000000 -0.04946921 0.00000000 0.01987938 0.00000000 0.02409111 0.00000000 0.00940975 0.00000000 -0.00338983 0.00000000 0.00680272 0.00000000 0.01562500 0.00000000 -0.01309771 0.00000000 -0.03286286 0.00000000 0.02766282 0.00000000 -0.01653243 0.00000000 -0.05818966 0.00000000 0.02265446 0.00000000 -0.00604162 0.00000000 -0.02949122 0.00000000 0.03317096 0.00000000 0.02469690 0.00000000 0.00043821 0.00000000 -0.02233903 0.00000000 -0.00448029 0.00000000 0.01215122 0.00000000 -0.01578479 0.00000000 0.00700248 0.00000000 0.01816958 0.00000000 -0.01916722 0.00000000 0.01617251 0.00000000 0.01679929 0.00000000 -0.00934783 0.00000000 -0.02413869 0.00000000 0.00089948 0.00000000 0.00831274 0.00000000 -0.04032977 0.00000000 -0.00487578 0.00000000 0.00559963 0.00000000 -0.01670534 0.00000000 0.00873053 0.00000000 0.01403509 0.00000000 -0.04590542 0.00000000 0.02272727 0.00000000 0.00732861 0.00000000 -0.01619338 0.00000000 -0.03959924 0.00000000 -0.02955787 0.00000000 -0.03122600 0.00000000 0.03011889 0.00000000 -0.01538856 0.00000000 0.02135973 0.00000000 -0.01122163 0.00000000 -0.02347176 0.00000000 -0.02430005 0.00000000 0.04845696 0.00000000 -0.03330751 0.00000000 -0.01335470 0.00000000
lambda
1e2
QQQ
0 0 0 0 0 0 0 0 0 0 0 0 0 0 0 0 0 0 0 0 0 0 0 0 0 0 0 0 0 0 0 0 0 0 0 0 0 0 0 0 0 0 0 0 0
Q

alpha

gamma
0.5
kappa
0.5
basket
-1
delta
-1
lpower
1
longbasket
-1
shortbasket
-1
minRisk
-1
maxRisk
-1
Rmin
-1
Rmax
-1
LSValue
1
trades
-1
