n
9
m
2
nfac
-1
gamma
0
kappa
0.5
delta
-1
basket
-1
longbasket
-1
shortbasket
-1
tradenum
-1
tradebuy
-1
tradesell
-1
min_holding
-1
min_trade
-1
rmin
-1
rmax
-1
round
0
value
-1
valuel
-1
nabs
0
mabs
0
minRisk
-1
maxRisk
-1
CVARGLprob
False
tlen
437
lambda
1
tail
0.05
ETLorLOSSconstraint
True
ETLorLOSSmax
100
ETLorLOSSmin
-100
names
Legal_&_General_US_Index_Trust Legal_&_General_UK_Index_Trust Legal_&_General_Japan_Index_Tr Virgin_Global_Share_Fund Legal_&_General_Pacific_Index_T Legal_&_General_European_Index L&G_MSCI_World_Socially_Respons Legal_&_General_Active_Sterling JPM_Asia_Growth_Fund_B_-_Net_Ac 
A
1 1 
1 2 
1 3 
1 4 
1 5 
1 6 
1 7 
1 8 
1 9 
L
0 0 0 0 0 0 0 0 0 1 7 
U
1 1 1 1 1 1 1 1 1 1 7 
alpha
0.0013731340529616661 -0.001732461785270738 -0.0013426361124199363 0.003260529660453043 -0.00012152541971545857 0.0032558960123752322 -0.0015682245429076945 -0.00020123616051710038 0.009509708865039055 
bench

initial

Q
0.00022837835519616716 
2.435767882789349E-06 0.0014660414550688857 
-1.6668272590207538E-05 -2.35733532097611E-06 0.0011534913335518357 
9.480188001049538E-06 4.8804922050683976E-05 6.381400154721981E-06 0.004211320307266701 
-2.0301353938982859E-07 -2.3177106713176087E-07 3.44452133470971E-05 3.971460364800677E-07 0.00025416237173871414 
-5.180917714749131E-06 -6.227473014670599E-05 4.30192016199871E-06 -2.1833206489808023E-05 3.9658163892501274E-07 0.004184082787756658 
1.959664249590951E-06 -7.396084903556121E-07 4.055152167415628E-06 2.1392440624428153E-05 1.2535035789945266E-05 4.938991215987464E-06 0.0015777655467835792 
6.295052951046617E-07 2.656064657496027E-06 -2.1361744752021664E-05 2.4611970099735105E-06 -9.989604749001644E-06 8.924582474420584E-06 4.417494246555651E-05 3.2569385811072454E-05 
-0.0001213126832746382 1.459468999382355E-05 -0.00016744443193854333 -2.639278175815705E-05 -3.715089181142288E-05 -3.089302841614308E-05 1.5966216680343074E-05 1.8088006935473629E-06 0.03641911747544505 
buy

sell

min_lot

size_lot

A_abs

Abs_U

Abs_L

I_A

FL

SV

mask

DATA
0 0.007895386133728088 0 -0.005140758873929063 0 -0.0066437007874015075 0 -0.014367104285360477 0 -0.042975622015581694 0 0.028886554621848637 0 0.0010209290454312736 0 -0.009178990311065727 0 0.03345342254246009 0 -0.0017430278884463801 0 -0.05587428286355689 0 -0.008718626155878484 0 0.01412579957356086 0 -0.0060446780551906 0 0.024854574299312704 0 0.009029927760577872 0 0.007159294298133334 0 0.03224168570703245 0 0.004918839153959631 0 0.013215859030836885 0 0.0019323671497584183 0 0.005303760848601735 0 0.008633093525179936 0 -0.004041844983357246 0 -0.00047744091668655564 0 -0.00453785526630035 0 0.02567178502879086 0 0.007953216374269045 0 0.009979113483406854 0 0.006893382352941124 0 0.023048836147877783 0 0.0006691947356680661 0 0.0011145786892554632 0 0.004008016032064132 0 -0.007540474606342773 0 -0.0013407821229051153 0 0.01409711344819864 0 -0.003971756398940873 0 -0.009747452370403087 0 -0.050782997762863546 0 0.01602639641762904 0 -0.027603804221758343 0 0.012643129770992356 0 0.015076560659599503 0 -0.006730099791134814 0 -0.029906542056074792 0 0.04648362235067438 0 -0.022324510932105857 0 -0.009180790960452101 0 -0.06723687336659534 0 0.008914926133469114 0 0.0035344609946983407 0 0.020125786163522008 0 0.017755856966707784 0 -0.011873031257571998 0 0.018391368317802748 0 0.00963159162051519 0 0.0364893870736942 0 -0.005982512655315242 0 0 0 -0.025000000000000022 0 0.01875593542260212 0 0.006991377301328372 0 0.016662809534829792 0 0.01889369451399947 0 0.002680965147453085 0 0.004233511586452687 0 0.014643887286443391 -0.006122895254756178 0 -0.0235423542354235 0 0.022757999098693027 0 -0.002864066975104551 0 -0.020768890852850275 0 0.019404332129963953 0 0.01438689685701644 0 0.019419594152301878 0 -0.008133561643835607 0 0.03193785066896848 0 0.006691760769552468 0 0.0006231823847113738 0 0.015569856757317924 0 -0.00613246116107935 0 0.0037021801727683545 0 -0.02622950819672132 0 0.007996632996633002 0 0.009185803757828737 0 0.006412908564336073 0 0.0020554984583760483 0 -0.0014358974358974486 0 0.0002054231717336652 0 -0.011912096939823313 0 -0.016004988567865364 0 -0.009505703422053258 0 0.010236724248240625 0 0.0063331222292590805 0 0.01615271659324513 0 0.0030966143682906733 0 0.008026342868903136 0 0.007145773785218523 0 -0.025339549969592534 0 -0.006655574043261225 0 0 0 0 0 0 0 0 0 0 0 0 0 0 0 0 0 0 0 0 0 0 0 0 0 0 0 0 0 0 0 0 0 0 0 0 0 0 0 0 0 0 0 0 0 0 0 0 0 0 0 0 0 0 0.17462311557788945 0 0.009625668449197766 0 -0.0024717514124293904 0 -0.011858407079646138 0 0.005373455131649552 0 0.028148939960805475 0 -0.009183850285912398 0 0.009968520461699937 0 -0.02528138528138535 0 0.03357612364540774 0 0.0025782055689240746 0 -0.010457740442310848 0 -0.023735273735273843 0 -0.006211180124223614 0 0.03678571428571442 0 -0.0024112986565620886 0 0.006042817679557944 0 0.01767633430581772 0 0.031871838111298345 0 0.013564307893446648 0 -0.009190583682683107 0 0.008624898291293759 0 -0.002420135527589573 0 -0.026847808507197035 0 0.004985873358816617 0 0.008433934182239033 0 -0.0022958346999015777 0 0.006903353057199357 0 0.00930460333006855 0 0.01504124211547797 0 0.02421924792861674 0 -0.002022401991288003 0 0.005923616523772379 0 0.010382767704943507 0 -0.009662576687116453 0 0.010995818491559506 0 0.009497549019607865 0 0.006373292867981828 0 0.004825090470446325 0 0.0037515006002399875 0 -0.0076244580654806215 0 -0.0039168424224163 0 0.005444646098003547 0 -0.023766546329723193 0 0.016332819722650216 0 0.007580351728320167 0 0.017303641287992777 0 0.008874426859931894 0 0.04867321507110378 0 -0.0065706696490981376 0 0.007036307345904769 0 -0.011878144214645059 0 -0.010465280724084258 0 0.025868229241103213 0 -0.020200612984118127 0 0.01407649651642262 0 0.00588895120583266 0 -0.024533035963200445 0 -0.019577022006287415 0 -0.0367293397463927 0 -0.025117264336510847 0 0.03616327797609831 0 0.0031455961653685804 0 -0.027624309392265234 0 -0.00629606879606881 0 0.018544274455261966 0 -0.0021241086329842895 0 0.02812832598449133 0 0.024401064773735603 0 0.008806120975891396 0 -0.00715512306811672 0 -0.011818968002306085 0 -0.007292882147024504 0 0.005877167205406986 0 -0.031551270815074584 0 -0.0064856711915535215 0 -0.038864429937756184 0 0.032696256515558186 0 0.01927194860813719 0 -0.0456182472989195 0 -0.04874213836477992 0 0.03884297520661151 0 0.009387430389816931 0 0.020964691046658324 0 -0.002007102053419918 0 0.027227722772277252 0 0.022891566265060392 0 0.012956419316843215 0 0.018023255813953476 0 0.02512849800114214 0 -0.020334261838440115 0 
-0.7583167472277509 0 0.010588235294117787 0 -0.012805587892898873 0 -0.002358490566037763 0 -0.024231678486997588 0 -0.044215626892792126 0 0.019011406844106515 0 0.004353233830845626 0 -0.01609907120743026 0 0.01573316551290116 0 -0.006815365551425034 0 -0.030567685589519722 0 0.01994851994851987 0 0.015141955835962229 0 -0.0049720323182100845 0 0.016239850093691333 0 0.00799016594960067 0 0.014024390243902563 0 0.016837041491280624 0 0.016558249556475557 0 -0.00814426992437467 0 -0.0005865102639296405 0 -0.005281690140845119 0 0.005899705014749346 0 -0.006451612903225823 0 0.0047225501770955525 0 -0.014688601645123422 0 0.017889087656529412 0 -0.007615700058582253 0 0.0047225501770955525 0 -0.008225616921268997 0 0.012440758293838838 0 -0.017554125219426564 0 0.005955926146515855 0 -0.004144464179988261 0 -0.028537455410225787 0 0.002447980416156792 0 0.02258852258852251 0 0.004776119402985168 0 -0.015448603683897888 0 -0.0669885334942667 0 -0.005174644243208126 0 -0.01950585175552666 0 0.04708222811671092 0 -0.017099430018999495 0 -0.0038659793814432852 0 -0.0064683053040103244 0 0.0026041666666667407 0 -0.033766233766233666 0 0.0026881720430105283 0 -0.013404825737265424 0 0.00067934782608714 0 0.014256619144602745 0 0.02677376171352064 0 0.0019556714471966608 0 -0.01171112556929077 0 0.016458196181698526 0 0.012305699481865329 0 0.014715291106845774 0 0.004413619167717542 0 -0.0018832391713747842 0 -0.01132075471698124 0 0.019720101781170563 0 0.00873362445414827 0 -0.0018552875695732052 0 0.024163568773234223 0 -0.01814882032667875 0 0.009858287122612497 0 -0.0036607687614398365 -0.0012247397428047924 0 -0.020232985898221867 0 0.007509386733416612 0 0 0 -0.016149068322981353 0 0.015151515151515138 0 0.006218905472636926 0 0.014215080346106301 0 -0.0006093845216330607 0 0.015243902439024293 0 -0.0018018018018018944 0 -0.011432009626955342 0 0.00912964090079127 0 -0.012062726176115812 0 -0.009768009768009955 0 -0.027127003699136676 0 0.02091254752851701 0 0.007448789571694814 0 -0.0012322858903266454 0 0.013571869216533194 0 0.003043213633597164 0 0.004854368932038833 0 -0.03925120772946855 0 -0.006913890634820841 0 0.008860759493670933 0 0.010037641154328591 0 -0.00248447204968949 0 0.016189290161892966 0 -0.015318627450980338 0 0.00995644057249545 0 0.014787430683918634 0 -0.021250758955676963 0 0.02295285359801502 0 0.019405700424499628 0 0 0 0 0 0 0 0 0 0 0 0 0 0 0 0 0 0 0 0 0 0 0 0 0 0 0 0 0 0 0 0 0 0 0 0 0 0 0 0 0 0 0 0 0 0 0 0 0 0 0 0 -0.12195121951219512 0 -0.007452574525745215 0 0.009556313993174026 0 -0.004732927653820274 0 -0.0013586956521738358 0 0.05170068027210872 0 -0.01681759379042691 0 -0.009868421052631526 0 -0.027242524916943456 0 0.012295081967212962 0 0.004723346828610087 0 0.01074546675621213 0 -0.007308970099667689 0 0.020749665327978617 0 0.009180327868852478 0 -0.0006497725795970855 0 0.002600780234070177 0 0.004539559014267391 0 0 0 0.02711426726920596 0 -0.013199245757385292 0 0.005732484076433231 0 0.023432552248258354 0 -0.016089108910891103 0 0.002515723270440251 0 0.008155583437891911 0 0.0018668326073429942 0 0.008695652173912993 0 -0.007389162561576512 0 0 0 0.00992555831265518 0 -0.00675675675675691 0 -0.007421150278293043 0 0.0031152647975076775 0 0.0006211180124222615 0 0 0 0.033519553072625774 0 -0.019219219219219097 0 0.012247397428046591 0 0.010889292196007094 0 -0.017354877318970674 0 -0.004872107186357999 0 0.00489596083231314 0 -0.010962241169305664 0 -0.009852216748768461 0 0.014303482587064487 0 0.0006131207847945852 0 0.0018382352941177516 0 0.014067278287461793 0 0.005428226779252032 0 -0.01739652069586073 0 -0.01587301587301604 0 0.006203473945409321 0 0.020961775585696785 0 -0.007246376811594124 0 0.018248175182481674 0 -0.0011947431302270495 0 0.00657894736842124 0 0.00891265597147961 0 -0.00765606595995294 0 -0.011869436201780381 0 0.006606606606606613 0 0.012529832935560759 0 -0.0076605774896876255 0 -0.027315914489311144 0 -0.04884004884004889 0 0.0346598202824131 0 0.01985111662531036 0 0.02007299270072993 0 0.005963029218843063 0 -0.004149377593360981 0 -0.005952380952380931 0 0 0 -0.007185628742514938 0 -0.013872135102533267 0 -0.012232415902140636 0 0.015479876160990669 0 0.01768292682926842 0 0.0011983223487117556 0 -0.023937761819269876 0 -0.03862660944205998 0 0.0006377551020406713 0 0.001274697259400881 0 0.0031826861871420142 0 -0.0076142131979695105 0 0.032608695652173836 0 0.013622291021671673 0 0.00671960904092872 0 0.009708737864077666 0 0.005408653846153966 0 -0.016138673042438878 
0 -0.6575941676792223 0 0.010290986515258949 0 -0.005971197752019597 0 -0.0197879858657245 0 -0.014599855803893225 0 -0.03292482165721611 0 0.013996595422735014 0 0.00988621525834743 0 -0.004248245289989017 0 -0.010387683175663076 0 0.011246485473289658 0 -0.04504170528266915 0 0.021350931677018625 0 0.003230710756366495 0 -0.014207236218980901 0 0.025557263643351202 0 0.02417088251826871 0 0.014452982070984444 0 0.008115419296663484 0 0.003935599284436542 0 0.0003563791874554578 0 -0.009440684004275002 0 0.011688545225678748 0 0.0012442232492000382 0 -0.020592934493165238 0 0.0005437737901032857 0 -0.028442028985507295 0 0.013984710050344962 0 0.01949246046340547 0 0.02164502164502169 0 -0.01412429378531066 0 0.0084169054441261 0 -0.0005327650506127268 0 -0.012260127931769671 0 0.008814534988307088 0 -0.032453637660485035 0 0.013269443420567573 0 0.028555838486722385 0 0.019628647214854134 0 -0.015608740894901163 0 -0.05250176180408728 0 0.007809594644849316 0 -0.05018450184501855 0 0.01184926184926205 0 -0.00326358226147061 0 -0.0023112480739599928 0 0.0034749034749035346 0 0.021161985378991943 0 -0.021477015825169588 0 -0.009241432422025353 0 -0.05071900505246796 0 0.011054247697031672 0 0.006883984612269689 0 0.026342248139955782 0 0 0 -0.009208463949843204 0 0.009689539252521362 0 -0.01899725812769293 0 0.031143940906368517 0 0.0015488867376571847 0 -0.021264256717571928 0 -0.009283033774442173 0 0.0003987240829346206 0 0.027500996412913592 0 -0.005236617532971333 0 0.016962370832520834 0 -0.017638036809815794 0 0.014637002341920446 0 0.009232544720138458 -0.00304936153992752 0 -0.029057541579048052 0 0.023626698168931037 0 -0.0030775149067129304 0 -0.0019293845263361753 0 0.004832785617630009 0 0.017891496729511402 0 0.003969003969003904 0 0.0018825301204818956 0 0.03288237504697489 0 -0.012006549026741808 0 -0.001657153378751719 0 0.006086315012910237 0 0.017231897341888347 0 -0.007749143989908114 0 -0.021612786051580235 0 0.0029701132355672843 0 0.013325930038867284 0 0.0009132420091324533 0 0.02682481751824839 0 -0.002843433445886001 0 0.01550525752985199 0 -0.010003510003509963 0 -0.016840985640843797 0 -0.012982329606923915 0 0.0001826817683594495 0 0.0056621004566210775 0 0.023065746458408976 0 -0.003195455352387744 0 -0.003918076580587737 0 -0.005185052744502094 0 -0.0012580877066858953 0 -0.012056865215044121 0 0.0009107468123863427 0 0 0 0 0 0 0 0 0 0 0 0 0 0 0 0 0 0 0 0 0 0 0 0 0 0 0 0 0 0 0 0 0 0 0 0 0 0 0 0 0 0 0 0 0 0 0 0 0 0 0 0 0.07861692447679713 0 0.023114560485911984 0 -0.013687335092348207 0 -0.015716435378699267 0 0.021912688975709083 0 0.02393617021276606 0 0.00032467532467528315 0 -0.0014605647517039744 0 -0.03916788558426787 0 0.03788903924221931 0 0.022001303780964765 0 -0.018976239834157194 0 -0.03738621586475954 0 0.0023640661938535423 0 0.016677897574123968 0 0.029660314830157297 0 -0.01223044737689083 0 -0.012381883349625422 0 0.016001319696469896 0 0.003084916382529501 0 -0.02168986727096156 0 -0.01886168100595631 0 0.015008431703203984 0 -0.03721548429971744 0 0.006557377049180246 0 0.01611520658323351 0 0.009110848658680615 0 -0.0003343922421000789 0 0.009366114734905562 0 0.00198840099420039 0 0.0023151976186539525 0 -0.013199142055766333 0 0.005851864236749549 0 -0.01146941489361697 0 -0.01092988061207334 0 0.018021081264876004 0 0.016700066800267255 0 -0.019875164257555866 0 0.013239483827719 0 0.03886867350314249 0 0.030727591147906352 0 0.009731232622798958 0 -0.0024476059354445745 0 -0.03603741757399159 0 -0.025453388482341688 0 0.001142670584394434 0 -0.009946192727865677 0 -0.015974967061923584 0 0.04451882845188271 0 0.0020829995193079043 0 0.0014390789894467293 0 -0.020437490020756788 0 -0.004726976365118207 0 0.01015394693743854 0 0.001621271076523989 0 -0.015215280025898337 0 -0.007889546351084853 0 -0.008117958913187562 0 -0.0058459996659427915 0 -0.01276881720430112 0 -0.02961198093941453 0 0.018765345492809615 0 0.007230160096401983 0 -0.016749273628439476 0 -0.011819920041717391 0 -0.009850483729111792 0 -0.024338248356724046 0 0.0409686817188637 0 0.012419100927059556 0 -0.010366275051831408 0 -0.03020251396648055 0 -0.01044104410441038 0 -0.00818628342732397 0 0.011188554658840832 0 0.02321784872120425 0 -0.003368197128168715 0 -0.008182141586624003 0 0.003766140602582402 0 0.008397355726281974 0 -0.017363571934797983 0 -0.05084745762711862 0 0.011588145896656465 0 0.008826291079812254 0 0.024571854058078824 0 -0.0052688953488372325 0 0.03251141552511427 0 0.003537944454272024 0 0.006698395910452959 0 0.011206443705130464 0 0.01090909090909098 0 
-0.008393285371702697 0 1.3216444981862154 0 0.008928571428571397 0 -0.008849557522123797 0 -0.005208333333333481 0 -0.024682124158563856 0 -0.04754601226993871 0 0.0314009661835748 0 0.0015612802498050637 0 -0.005455962587685215 0 0.012539184952978122 0 -0.0038699690402477227 0 -0.03341103341103324 0 0.000803858520900258 0 0.009638554216867545 0 -0.004773269689737569 0 0.01358912869704243 0 0.011041009463722329 0 0.01716068642745716 0 0.01840490797546024 0 -0.004518072289156794 0 0.0075642965204236745 0 -0.006756756756756577 0 0.0045351473922901064 0 -0.004514672686230181 0 -0.012849584278155857 0 -0.003828483920367498 0 -0.006917755572636519 0 0.010061919504644079 0 0.01379310344827589 0 0.00680272108843516 0 -0.011261261261261257 0 0.01290812452543677 0 -0.01874062968515744 0 0.0076394194041253805 0 -0.005307050796057755 0 -0.021341463414634054 0 -0.003894080996884708 0 0.015637216575449475 0 0.006928406466512715 0 -0.025229357798165264 0 -0.05019607843137264 0 0.010734929810074512 0 -0.01715686274509809 0 0.019118869492934287 0 0.0008156606851550396 0 0.004889975550122161 0 -0.015409570154095609 0 0.023064250411861664 0 -0.023349436392914646 0 0.010717230008244094 0 -0.03181076672104399 0 -0.002527379949452402 0 0.00929054054054057 0 0.02761506276150616 0 -0.0008143322475570036 0 -0.007334963325183463 0 0.0049261083743843415 0 0.004084967320261423 0 0.01952807160292913 0 -0.002394253790901857 0 -0.014399999999999968 0 0.0016233766233766378 0 0.0032414910858995505 0 0.015347334410339197 0 -0.0023866348448686736 0 0.027113237639553533 0 -0.0031055900621118626 0 0.010124610591900174 0 0.0007710100231304029 -0.010015408320493191 0 -0.02957198443579767 0 0.013632718524458687 0 -0.003955696202531667 0 0.001588562351072298 0 0.008723235527359208 0 0.011006289308175932 0 0.02255054432348369 0 -0.0007604562737641984 0 0.02207001522070029 0 -0.006701414743112477 0 0.0014992503748125774 0 0.004491017964071808 0 -0.010432190760059412 0 -0.02033132530120496 0 -0.01844734819369709 0 0.000783085356303781 0 0.009389671361502261 0 0.014728682170542573 0 0.015278838808250539 0 -0.009781790820165615 0 0.004559270516717229 0 -0.024205748865355425 0 0.012403100775193687 0 -0.013016845329249516 0 0.010861132660977546 0 0.0007674597083653367 0 0.02300613496932513 0 -0.01274362818590713 0 -0.0030372057706907762 0 0.007616146230007725 0 -0.021164021164021274 0 0.01698841698841691 0 0.031131359149582538 0 0.007363770250368162 -0.003654970760233911 0.006603081438004255 0.009475218658892226 -0.012996389891696825 -0.03511338697878552 0.022744503411675554 0 -0.004447739065974732 -0.0014892032762473528 0 -0.07979120059656963 -0.006482982171799101 -0.14355628058727565 -0.03142857142857136 0.058013765978367715 -0.0306691449814126 0.06327900287631838 0.0027051397655544207 0.003597122302158251 0.010752688172043001 0.007978723404255428 0.0008795074758134458 0.032513181019332205 0.02212765957446794 0.039134054954204744 -0.024038461538461564 0.028735632183908066 -0.00877893056664003 0.01046698872785834 0.0015936254980080111 0.012728719172633296 -0.005498821681068411 -0.026066350710900466 0.009732360097323589 0.015261044176706928 -0.011867088607594889 0.01040832666132907 -0.01347068145800323 0.024096385542168752 0.0023529411764706687 -0.024256651017214304 0.012028869286287103 0.022187004754358197 -0.003875968992248069 -0.008560311284046662 -0.02590266875981173 0.04431909750201446 0.03472222222222232 0.008948545861297674 0.011086474501108556 0.008040935672514626 0 0.01595358955765036 0 -0.004282655246252598 0 -0.007885304659498216 0 0.013728323699421896 0 0.034212401995723285 0 -0.002067539627842785 0 0.006215469613259472 0 -0.03363074811255995 0 0.013494318181818121 0 0.01121233356692386 0 -0.006930006930006893 0 -0.026517794836008468 0 0 0 0.017204301075268935 0 0.0014094432699083281 0 -0.004222378606615007 0 0.006360424028268641 0 0.025983146067415586 0 0.008213552361396426 0 -0.010183299389002087 0 0.002057613168724215 0 0.005475701574264358 0 -0.029271613342409908 0 0.007713884992987419 0 0.012526096033403045 0 0.010996563573883122 0 0.0047586675730797445 0 0.0006765899864682456 0 0.008113590263691517 0 0.004024144869215318 0 -0.012024048096192286 0 0.0013522650439485862 0 0.002025658338960179 0 -0.016172506738544534 0 0.008219178082191636 0 0.008831521739130599 0 -0.018181818181818077 0 0.015089163237311354 0 0.01554054054054066 0 -0.007318695941450626 0 -0.005361930294906059 0 0.0006738544474393926 0 -0.012794612794612803 0 -0.004092769440654842 0 0.010958904109588996 0 0.005420054200542035 0 0 0 0.024932614555255972 0 0.006574621959237303 0 -0.009797517962116253 0 -0.01385224274406327 0 -0.005351170568561936 0 0.02017484868863484 0 -0.01252471984179282 0 0.0033377837116155273 0 0.0013306719893546592 0 -0.009302325581395432 0 0.0013413816230718467 0 -0.010046885465505695 0 -0.027740189445196406 0 0.0027835768963118124 0 0.017349063150589927 0 -0.013642564802182844 0 -0.022821576763485396 0 -0.025477707006369532 0 0.002178649237472907 0 0.02898550724637672 0 0.011971830985915366 0 0.0076548364648574285 0 -0.004143646408839907 0 -0.00832177531206646 0 -0.00909090909090915 0 0.007762879322512406 0 -0.009103641456582712 0 -0.023321554770318054 0 0.01374819102749636 0 0.0007137758743753775 0 0.01569186875891604 0 -0.018960674157303514 0 -0.03149606299212582 0 -0.008130081300813163 0 0.006706408345752646 0 0.015544041450777257 0 -0.01020408163265285 0 0.028718703976435833 0 0.0042949176807445255 0 -0.0007127583749110267 0 0 0 0.021398002853067144 
0 -0.016759776536312665 0 -0.19105113636363635 0 -0.005267778753292429 0 -0.005295675198587757 0 -0.008873114463176623 0 -0.014324082363473711 0 -0.03996366939146223 0 0.01797540208136228 0 0.012081784386617223 0 0.005509641873278293 0 0.013698630136986356 0 -0.0018018018018017834 0 -0.03971119133573997 0 -0.006578947368421129 0 -0.002838221381267658 0 0.001897533206830948 0 0.01041666666666674 0 0.011246485473289658 0 0.013901760889712733 0 0.01736745886654467 0 -0.003593890386343168 0 0.009918845807033394 0 -0.0071428571428571175 0 0.0017985611510791255 0 -0.008976660682226245 0 -0.01630434782608703 0 0.002762430939226679 0 -0.011937557392103004 0 0.017657992565055736 0 0.009132420091324311 0 0.008144796380090469 0 -0.006283662477558405 0 0.02258355916892496 0 -0.00883392226148405 0 -0.004456327985739805 0 0.0026857654431513556 0 -0.02946428571428572 0 0.004599816007359703 0 0.011904761904761862 0 -0.009049773755656076 0 -0.037442922374429144 0 -0.05028462998102479 0 0.010989010989011172 0 -0.0317193675889329 0 0.03990203081947152 0 -0.007850834151128638 0 0.004945598417408492 0 -0.008858267716535306 0 0.018867924528301883 0 -0.007797270955165692 0 -0.0009823182711198308 0 -0.02143559488692237 0 0.014871382636655994 0 -0.01207920792079209 0 0.0282621767889355 0 0.00877192982456143 0 -0.0019323671497585293 0 0.012584704743465513 0 0.007648183556405508 0 0.012333965844402162 0 0.013120899718837675 0 -0.018501387604070274 0 -0.008482563619227057 0 -0.0038022813688213253 0 0.022900763358778775 0 -0.013992537313432862 0 0.01986754966887405 0 0.004638218923933124 0 0.007386888273314796 0 0 -0.0036663611365719273 0 -0.028518859245630246 0 -0.004734848484848508 0 0.007611798287345595 0 0.005665722379603277 0 0.003755868544601082 0 0.013096351730589317 0 0.031394275161588325 0 0.008057296329453845 0 0.018650088809946785 0 -0.006974716652136004 0 0.006145741878841093 0 0.002617801047120505 0 -0.010443864229765065 0 -0.0237467018469657 0 -0.018918918918918837 0 0.00642791551882449 0 0.006386861313868675 0 0.017225747960108784 0 0.0035650623885916666 0 -0.006216696269982114 0 -0.016979445933869575 0 -0.014545454545454528 0 -0.0036900369003690647 0 -0.01388888888888884 0 0.020657276995305285 0 0.0018399264029438367 0 0.029384756657483857 0 -0.014272970561998166 0 -0.009954751131221684 0 -0.000914076782449813 0 -0.019213174748398898 0 0.013992537313432862 0 0.0036798528058876734 0 0 0 0 0 0 0 0 0 0 0 0 0 0 0 0 0 0 0 0 0 0 0 0 0 0 0 0 0 0 0 0 0 0 0 0 0 0 0 0 0 0 0 0 0 0 0 0 0 0 0 0 0.13107241063244746 0 0.034035656401944836 0 -0.024294670846394917 0 0 0 0.02088353413654609 0 0.0613690007867822 0 -0.008895478131949686 0 0.012715033657442198 0 -0.050221565731166984 0 0.035769828926905056 0 0.0030030030030030463 0 -0.0052395209580837765 0 -0.02483069977426644 0 0.012345679012345734 0 0.005335365853658569 0 -0.0098559514783928 0 -0.0007656967840734552 0 0.008429118773946254 0 0.023556231003039496 0 0.013363028953229383 0 -0.0073260073260073 0 0 0 0.0044280442804427445 0 -0.04555473916238051 0 0.0015396458814471714 0 0.025365103766333608 0 0.010494752623688264 0 0 0 0.010385756676557722 0 0.0022026431718062955 0 0 0 -0.01758241758241763 0 0.014914243102162494 0 -0.005878030859661876 0 -0.025868440502586854 0 0.023520485584218376 0 -0.014825796886582698 0 -0.02182091798344621 0 0.027692307692307683 0 0.019461077844311392 0 -0.014684287812041119 0 -0.011177347242920965 0 -0.0022607385079124187 0 -0.0309667673716012 0 -0.003117692907248726 0 0.007818608287724738 0 0.00853374709076804 0 -0.003076923076923088 0 0.024691358024691468 0 0.005271084337349352 0 -0.002996254681647992 0 -0.01728024042073617 0 0.009938837920489219 0 0.019682059046177036 0 -0.010393466963622644 0 0.0007501875468867159 0 0.002248875562218755 0 -0.01196709050112188 0 0.003028009084027339 0 -0.012830188679245236 0 -0.026758409785932802 0 0.009426551453260101 0 0.021011673151750898 0 -0.0015243902439023849 0 -0.01908396946564883 0 0.012451361867704236 0 -0.008455034588777832 0 0.028682170542635665 0 0.0045214770158252815 0 -0.0022505626406602586 0 0 0 -0.019548872180451093 0 -0.0038343558282208923 0 0.007698229407236301 0 -0.012223071046600364 0 -0.02088167053364287 0 0.011058451816745807 0 0.002343750000000089 0 0.02260327357755254 0 -0.026676829268292623 0 -0.05168363351605332 0 -0.009083402146985886 0 -0.0024999999999999467 0 0.020050125313283207 0 -0.002457002457002422 0 0.024630541871921263 0 0 0 0.012019230769230838 0 0.0150435471100554 0 
0.011700468018720711 0 -0.017733230531996824 0 1.3281004709576139 0 0.003371544167228624 0 0.0016801075268817467 0 -0.011741026501174145 0 -0.020027155465037416 0 -0.04364392102528569 0 0.030785947120608448 0 -0.005621925509487036 0 -0.014487632508834003 0 0.01828612405880259 0 -0.005633802816901512 0 -0.04249291784702547 0 0.015162721893491105 0 0.007650273224043769 0 0 0 0.021691973969631295 0 0.009200283085633254 0 0.010168302945301688 0 0.01423116973273153 0 -0.000684462696783017 0 -0.005479452054794609 0 -0.01239669421487588 0 -0.007322175732217606 0 0.014401123990165132 0 -0.015581717451523591 0 0.0017587055926837625 0 0.00561797752808979 0 0.009776536312849249 0 0.012793914246196358 0 0.013656538067599922 0 -0.02862916807005722 0 0.0010402219140084323 0 -0.017665396605472727 0 0.019393511988716527 0 -0.006226219301279867 0 -0.031326139923425034 0 0.011139058569888505 0 0.020255863539445862 0 -0.009404388714733702 0 -0.02355836849507731 0 -0.049693914296002895 0 0.00037893141341416303 0 -0.020075757575757636 0 0.0378817162736762 0 -0.014525139664804398 0 0.0007558578987150177 0 -0.01661631419939591 0 0.025729646697388864 0 -0.02583302134032206 0 0.005380476556495095 0 -0.029816513761467878 0 0.0015760441292356209 0 0.003933910306844979 0 0.028605015673981216 0 0.0011428571428571122 0 -0.011796042617960523 0 0.011936850211782923 0 -0.006088280060882911 0 0.027182235834609658 0 0.0093179276928812 0 -0.0022156573116691725 0 -0.015914137675795748 0 0.01918014291086889 0 0.0022140221402215943 0 -0.00036818851251851914 0 0.02946593001841613 0 0.006082289803220009 0 0.011379800853485111 0 0 -0.007735583684950753 0 -0.020198440822111974 0 0.02350813743218816 0 0.0003533568904594553 0 -0.017308371600141426 0 0.028037383177570208 0 0.00874125874125875 0 0.026343154246100564 0 0.0006754474839580915 0 0.01889976375295288 0 -0.006955945677376452 0 -0.0070046697798532565 0 0.014108162579778316 0 -0.026830076184166884 0 -0.004765146358066796 0 -0.028043775649794767 0 0.011611541168191408 0 0.014956521739130535 0 0.00479780671692942 0 0.0030695770804911593 0 -0.00476028561713715 0 0.003416467372736598 0 -0.030303030303030276 0 0.0077247191011236005 0 -0.003135888501742068 0 0.011534428521495776 0 -0.0031098825155493337 0 0.021490467937608226 0 -0.005429250084831971 0 -0.0013647219379052666 0 0.0027331738981892784 0 -0.016695059625212894 0 0.0045045045045042365 0 0.0010348395998620585 0 0 0 0 0 0 0 0 0 0 0 0 0 0 0 0 0 0 0 0 0 0 0 0 0 0 0 0 0 0 0 0 0 0 0 0 0 0 0 0 0 0 0 0 0 0 0 0 0 0 0 0 0.06616126809097178 0 0.010989010989011172 0 0.007992327365728968 0 -0.013637805264827163 0 0.015434083601286286 0 0.021849271690943528 0 -0.017353579175704903 0 0 0 -0.023967202775149854 0 0.018739903069466823 0 0.006343165239454551 0 -0.013867002836432496 0 -0.01342281879194629 0 0 0 0.022351797862002032 0 0.00570342205323171 0 0.001890359168241984 0 0.010691823899370956 0 0.03298070939639097 0 0.010542168674698704 0 -0.0029806259314456574 0 -0.0017937219730942422 0 0.012878107217729973 0 -0.016558249556475335 0 0.011124473842453408 0 0.01338090990187335 0 0.005281690140845008 0 0.01605370694687691 0 -0.0011490950876186234 0 0.0037388553350590215 0 0.0011461318051575464 0 -0.0048654836863193385 0 -0.00345125107851596 0 0.01558441558441559 0 -0.003694231315714558 0 -0.00370792926411867 0 0.015459490409390098 0 -0.010995207217366687 0 0.009407069555302128 0 0.009036995199096287 0 -0.017072488105233763 0 -0.006548974943052399 0 -0.0005732301519059124 0 -0.028964726125609297 0 0.0026580035440046945 0 0.015611192930780504 0 0.0139211136890951 0 0.0028604118993134087 0 0.04478037649743283 0 -0.001092001092001138 0 -0.016944520360754223 0 -0.03141506811231587 0 0.0014351320321470684 0 0.024362281456004498 0 -0.008393956351426923 0 0.008465011286681756 0 0.005595970900951208 0 -0.012242626599888617 0 -0.011267605633802802 0 -0.014245014245014231 0 -0.03699421965317917 0 0.016206482593037252 0 0.005611340815121046 0 -0.01527165932452268 0 -0.03906949000894733 0 -0.063625077591558 0 0.044083526682134666 0 0.031746031746031855 0 0.0104615384615383 0 0.01705237515225333 0 -0.009880239520958067 0 -0.009071666162685177 0 0.005797985962771035 0 -0.00910194174757284 0 -0.01745254133496643 0 -0.007790588968526024 0 0.005653266331658413 0 0.018113678950655965 0 0.0036809815950920033 0 -0.0317848410757946 0 -0.04166666666666663 0 0.004940711462450675 0 0.005571943625040987 0 -0.0009778357235984414 0 -0.009787928221859699 0 0.04481054365733117 0 0.011037527593819041 0 -0.023393636930754802 0 0.01437240498243364 
0 -0.005037783375314908 0 -0.028797468354430422 0 0 -0.7797653958944282 0 -0.0019233614440007374 0 -0.006077675659650117 0 -0.004921700223713632 0 -0.022032374100719454 0 -0.048735632183908084 0 0.024649589173513897 0 0.0036163522012577776 0 -0.015979946733510775 0 0.0249960197420791 0 -0.006523765144454741 0 -0.031425891181988685 0 0.016464891041162222 0 0.011116404637128818 0 0.019632479974870387 0 0.01910043130006156 0 0.007708585247883981 0 0.011399430028498747 0 0.0182411389589201 0 0.0032041945819982764 0 0.0023228803716610624 0 -0.005938586326767248 0 -0.0024770508523969115 0 -0.011247443762781084 0 -0.011670852415423094 0 -0.0011958146487296428 0 -0.006285543250523662 0 0.010090361445783014 0 -0.004323840763381437 0 0.002096436058700135 0 -0.009264793783622327 0 0.010859728506787292 0 -0.017755893763055752 0 0.011089169071851757 0 0.0003004807692306155 0 -0.02913787924301592 0 0.007889851485148647 0 0.018572524942440438 0 -0.006027727546714989 0 -0.023499090357792518 0 -0.03896910417637012 0 -0.016155088852988664 0 -0.017569786535303833 0 0.059669062343306045 0 -0.011198738170347 0 -0.025203381719572482 0 -0.004581901489117968 0 -0.0037810290974847893 0 -0.024422442244224518 0 -0.022327469553450663 0 -0.014359861591695444 0 -0.004037212568018256 0 0.013570673246386944 0 0.04990436445835522 0 0.01440874461742303 0 -0.0004897959183673972 0 0.005717085919634046 0 0.008932921877537803 0 0.016097875080489432 0 0.014416983523447557 0 0.006559425269405006 0 -0.017222653219550077 0 0.025734133249131652 0 -0.006618439279667432 0 -0.0017043693833281859 0 0.032438305137358237 0 0.009771497294047027 0 0.010272443054935243 0 0 -0.01178897730621864 0 -0.01759618252311368 0 0.004250151791135526 0 -0.01707980652962504 0 -0.009534061202521982 0 0.016922838068623047 0 -0.01908396946564883 0 0.018365758754864014 0 0.0025981965459267453 0 0.022256097560975796 0 -0.008947211452430825 0 -0.002708396027685689 0 0.005733252866626293 0 -0.02070207020702064 0 -0.017616421568627527 0 -0.02572898799313894 0 0.021606914212548123 0 0.0039166536111545636 0 0.01482521847690399 0 0.0272182069813931 0 0.00014970059880248243 0 -0.0011974255350994945 0 -0.04091113442229888 0 0.03484375000000006 0 0.015098897780462028 0 -0.0035698348951361814 0 -0.0007463800567248935 0 0.013444876008365858 0 -0.011202830188679291 0 0.007602862254025178 0 0.03180943926616342 0 -0.015199311729280018 0 0.03145020384391373 0 0.008469791078486555 0 0 0 0 0 0 0 0 0 0 0 0 0 0 0 0 0 0 0 0 0 0 0 0 0 0 0 0 0 0 0 0 0 0 0 0 0 0 0 0 0 0 0 0 0 0 0 0 0 0 0 0 -0.09182530795072796 0 -0.017570900123304423 0 0.009413241292751895 0 -0.00233136462542749 0 -0.00046736251752610425 0 0.04644638403990031 0 -0.024128686327077764 0 -0.0013736263736262577 0 -0.030261348005502176 0 0.022537431048069267 0 0.0013871763255239866 0 -0.01108203786362938 0 -0.03128404669260698 0 -0.011889460154241638 0 0.038211382113821246 0 0.0032889584964761465 0 0.0062441461130189335 0 0.01458268693763598 0 0.028899082568807355 0 0.016347154109080053 0 -0.0061412487205732 0 -0.005884949242312865 0 0.006955749593014815 0 -0.026161081716637336 0 0.004527618472683237 0 0.01066706730769229 0 -0.0007432733759475951 0 0.01398393335316861 0 0.0008802816901409827 0 0.01260627381999413 0 0.01968731905037635 0 -0.006104486087450178 0 0.006999000142836609 0 0.009219858156028549 0 -0.005621925509487036 0 0.012155477031802198 0 0.012568077084206264 0 0.010343400910219236 0 0.001092001092001027 0 0.00681756203981454 0 -0.006906825568797514 0 0.002181917359880048 0 -0.0002721458701863133 0 -0.028991425071457688 0 0.0127558172133444 0 0.0152249134948097 0 0.022085889570552242 0 0.026143790849673332 0 0.05446509814116718 0 -0.01245069033530577 0 0.007739358382224504 0 -0.01511210206862379 0 -0.007546220601182374 0 0.02230389050817383 0 -0.025660096690219514 0 0.015394402035623589 0 0.006515474251346909 0 -0.028382920453130844 0 -0.02088404868673921 0 -0.032321381837215335 0 -0.0359702501690331 0 0.02945714686491785 0 0.0035427169914157286 0 -0.02294636795655136 0 -0.01167315175097261 0 0.003937007874015741 0 0.0023809523809521504 0 0.03898281402822423 0 0.01452393760086057 0 0.012195121951219523 0 -0.012441068622315421 0 -0.017371701365866632 0 -0.0010796221322536548 0 0.007160226965684968 0 -0.03272971160295102 0 -0.011648869782277083 0 -0.034095692437210556 0 0.03195816385822203 0 0.01675112612612617 0 -0.04194932853385025 0 -0.050433526011560814 0 0.034850098919494865 0 0.008382352941176396 0 0.014000291672743304 0 -0.0017258737235725796 0 0.032560149834317986 0 0.021905957862424996 0 0.007782632441289072 
0 0.014632163663460318 0 0.021231139003872412 0 -0.020528242677824382 -0.02603123748498204 0 -0.0042489035087717175 0 0.001927047487956024 0 -0.001373815084489749 0 -0.008666941807676354 0 -0.006383569247849108 0 -0.005726256983240141 0 0.0037926675094817064 0 0.00419815281276259 0 -0.011287625418060276 0 0.0036645525017617864 0 -0.004353321162757884 0 0.004513399153737607 0 -0.0040718899185621105 0 0 0 -0.00014098406880025394 0 0.0031020868584319405 0 0.003654765251616565 0 -0.004061624649860041 0 -0.00618759668119806 0 0.0049525965756331836 0 0.0023936919177696137 0 -0.011518471695462718 0 0.005968452465539231 0 -0.0012713660121486114 0 -0.0018387553041019356 0 0.0009919229134194296 0 0.002972819932049786 0 0.0026817219477772714 0 -0.0032376126126126836 0 -0.0024007908487502228 0 0.00679501698754259 0 0.003515185601799864 0 -0.003923217037971161 0 -0.0022506681671120576 0 -0.007895107852812666 0 -0.0048316043768651395 0 -0.0028559188919035083 0 0.0017184591149936868 0 -0.006433166547534008 0 -0.0018705035971222639 0 0 0 0.01412714429868811 0 -0.004548685145699949 0 -0.003427102670284121 0 -0.005301619143143754 0 -0.0010083549409393155 0 -0.0038932948810381784 0 -0.0023161551823971394 0 0.002466627974463176 0 0.00014473874656228958 0 0.001157742402315698 0 0.0028910089621276835 0 -0.0023061400980108893 0 0.0015891360878359517 0 0.009086975335352632 0 0.00886220697541451 0 0.0032587135165769165 0 0.0015534529021323795 0 0.0014100394811054073 0 -0.003379329766262984 0 0.0002825656965244061 0 0.0018361581920904868 0 0.01156069364161838 0 0.0009756097560975618 0 -0.005430242272347341 0 0.001399972000559968 0 0.0011184118551657019 0 0.005166876134618192 -0.0008335648791331085 0 -0.0002780867630700623 0 0.0057023643949929426 0 -0.0016595215046328882 0 0.004432746917855779 0 -0.001103296097090034 0 0.005108380505315369 0 0.005769230769230749 0 -0.0006828735318218371 0 0.015170151701517032 0 -0.008481421647818954 0 0.006381534283774526 0 0.007015650296815945 0 0.006832797427652748 0 0.004125083166999222 0 0.0022528491916247173 0 -0.007536691788972538 0 0.013056221689315306 0 -0.016044187269858123 0 -0.008152900294039034 0 0.008624174639536353 0 0.006947227788911325 0 -0.0014594666312855997 0 -0.014084507042253502 0 0.00026954177897575704 0 0.008353543519267204 0 0.0034740780331372623 0 -0.007589880159786899 0 0.003220179793371747 0 -0.0002674869600106655 0 0.005752508361204001 0 -0.010774142059058245 0 0 0 0.0068576038725292054 0 0 0 0 0 0 0 0 0 0 0 0 0 0 0 0 0 0 0 0 0 0 0 0 0 0 0 0 0 0 0 0 0 0 0 0 0 0 0 0 0 0 0 0 0 0 0 0 0 0 0 0 0.05649038461538458 0 0.010491720389331327 0 -0.007505629221916332 0 0.0006301991429291665 0 0.007179745559894091 0 -0.005252626313156372 0 -0.007669097309529804 0 0.0050677815786137614 0 -0.0025211143325349905 0 -0.009983571338303965 0 0.005488894562164726 0 -0.01206042909737215 0 -0.01452068876895396 0 0.0048246185943408015 0 -0.006877757591487121 0 -0.005226708480334574 0 0.006173650334953429 0 -0.0032637075718016106 0 0.004977079240340743 0 0.004561449237586279 0 0.002724442138038574 0 -0.005434079441066109 0 0.002081436190971786 0 -0.006620797092042108 0 0.0006534239414530685 0 0.004309781898916176 0 -0.0006501950585177108 0 0.004814573845153047 0 -0.002072002072001977 0 0.0009083830781209112 0 0.004667444574095736 0 0.0038714672861015487 0 0.001542614731970593 0 0.004877422667180165 0 0.002299144207433823 0 0.003185930929017422 0 -0.00203252032520318 0 0.004327902240325976 0 -0.0058301647655261135 0 0.00038245792962765535 0 -0.007773671466802634 0 -0.004366812227074246 0 -0.006836945304437569 0 -0.009611637875048595 0 -0.01127868852459013 0 0.006366892160764026 0 -0.00751285092922116 0 0.01540504648074359 0 0.011509285901124988 0 -0.002973881561934344 0 0.002074957852418624 0 -0.0015529959880935529 0 0.0028515878159429686 0 -0.002843479384774472 0 -0.00025923525599491626 0 -0.011668611435239118 0 -0.0020989111898204182 0 -0.01012225581701065 0 0.0017264276228421416 0 -0.008352114543285327 0 -0.00989304812834213 0 -0.01593302727518242 0 -0.010976948408342402 0 0.004300776914539339 0 -0.0071833126122392565 0 0.008209266731598497 0 -0.02497929892354389 0 0.0035385704175512345 0 -0.004372355430183439 0 0.0032582518770363222 0 -0.005224512849477447 0 -0.009652235628105132 0 -0.013902823563135991 0 0.00043604651162798547 0 -0.007118988813017535 0 0.010242903131401748 0 -0.014918887601390485 0 0.0036759300102926495 0 -0.009229416935247703 0 -0.01996155552269696 0 -0.02157513578756798 0 0.0037008481110256675 0 -0.0018436011676141728 0 0.005694936124365224 0 -0.003213957759412467 0 0.017964071856287456 0 0.004524886877828038 0 0.007807807807807876 
0 -0.011025029797377961 0 -0.02304911117806574 0 -0.018504240555127116 0 3.9725058915946585 0 -0.0006319115323853985 0 -0.003161555485298728 0 0.0003171582619725388 0 -0.016169942929613046 0 -0.054463422494360425 0 0.04089979550102241 0 0.01015062213490503 0 -0.013614262560777912 0 0.016102530397633874 0 0.0022639068564036524 0 -0.04969344949983856 0 0.00033955857385414845 0 -0.003054989816700715 0 0.004426285325161761 0 0.002372881355932055 0 0.00811633412242152 0 0.010399194901039799 0 0.03486055776892427 0 -0.008982996470965676 0 0.01618646811265778 0 0.0022300095571838874 0 0.0019071837253654689 0 -0.004441624365482122 0 -0.02453792224346718 0 -0.007513884351519118 0 -0.026003949967083773 0 0.030753632984116264 0 0.007868852459016251 0 0.015940143135979357 0 -0.026577009285943087 0 0.02861842105263146 0 -0.03165973776782849 0 0.01684280052840137 0 -0.0009743423189345624 0 -0.035435630689206854 0 -0.0026963262554769996 0 0.011490368367691906 0 0.005345806882726345 0 -0.05583250249252225 0 -0.04259063709961286 0 0.00588235294117645 0 -0.020467836257309968 0 0.06604477611940296 0 -0.020301015050752547 0 0.03501250446588067 0 -0.015188125647221162 0 0.03960743077462325 0 -0.01786918408631155 0 0.010985238585650592 0 -0.027843803056027072 0 -0.0027942717429270125 0 -0.010507880910682998 0 0.032920353982300865 0 0.008224811514736086 0 -0.007477906186267758 0 0.026027397260274032 0 0.004672897196261516 0 0.005647840531561421 0 0.010571522960026503 0 -0.006538084341287997 0 -0.007897334649555665 0 0.016583747927031434 0 0.022838499184339334 0 0.002870813397129135 0 0.0330788804071247 0 0.005233990147783141 0 0.011026033690658466 0 -0.006664647076643604 0.007014333638304393 0 -0.04694124772864927 0 -0.013663806800127132 0 -0.007087628865979356 0 0.012654120700843707 0 -0.006408202499198934 0 0.015801354401805856 0 0.04158730158730162 0 0.007314843035659768 0 0.02390317700453859 0 -0.009160756501181977 0 0.016403220996122903 0 0.005575117370892002 0 -0.01867522614531658 0 -0.02022004162949753 0 -0.009408194233687439 0 0.008578431372548989 0 0.005467800729040073 0 0.01631419939577028 0 0.002080856123662489 0 -0.013349154553544906 0 0.007817197835237488 0 -0.010739856801909253 0 -0.006936067551266634 0 0.0009110233829334735 0 0.00364077669902918 0 0.012091898428053138 0 0.03195937873357235 0 -0.023444283646888664 0 0.001778304682868992 0 -0.0035502958579881616 0 -0.01098574821852727 0 0.021915340738516864 0 0.03907168037602826 0 0.0073508623126943284 0.010384507437552593 0.012499999999999956 0.017558299039780456 -0.03585872202750051 -0.050894854586129856 0.05833824395992937 0 0.004175946547884113 -0.015248128638758018 0 -0.053772522522522403 0.00833085391252597 -0.04809678371200932 -0.03130812151270934 0.0022400000000000198 -0.01532567049808431 0.04182879377431914 0.04046062869592282 -0.02572539635058335 0.025483573840958007 -0.008083832335329277 0.020223362511319065 -0.006804733727810652 0.0008936550491509543 0.05714285714285716 -0.005067567567567655 0.040464063384267224 0.010062550992657071 0.030156165858912454 0.03345530580240452 -0.01466868993424364 -0.018223819301848132 0.0015686274509805198 0.0174889062907857 0.0030785017957926097 0.00946291560102308 0.030402837598175747 -0.018195229899188536 0.02504382669671923 0.003909113119960894 -0.02092966658554385 0.010439970171513657 0.03911439114391135 0.007102272727272707 -0.003055947343676424 -0.015562367366187324 0.04431137724550904 -0.0004587155963302614 0.01262046810463513 0.0038522547020167774 0.009029345372460584 0 0.02371364653243857 0 -0.02054195804195813 0 -0.0008924587237839621 0 0.03081732916480573 0 0.054376083188907964 0 0.014588041914937344 0 0.03645200486026723 0 -0.05119187182493157 0 0.06342668863261935 0 0.01955848179705666 0 -0.01500474833808163 0 -0.07539529502506748 0 0.007716371220020779 0 -0.010347682119205337 0 -0.007946465913843626 0 -0.006534569983136507 0 0.019732654360280044 0 0.0004161464835621409 0 -0.001455906821963393 0 -0.0027077692147469135 0 -0.005847953216374324 0 -0.010504201680672232 0 -0.04946921443736729 0 0.01987938351574714 0 0.024091108190976707 0 0.009409751924722043 0 -0.003389830508474634 0 0.006802721088435382 0 0.015625 0 -0.013097713097713126 0 -0.03286286075416045 0 0.027662818558048308 0 -0.016532428995337023 0 -0.05818965517241381 0 0.022654462242562845 0 -0.006041620049228036 0 -0.029491220171094068 0 0.033170958014381746 0 0.024696901661428017 0 0.00043821209465400024 0 -0.02233902759526951 0 -0.0044802867383512135 0 0.012151215121512182 0 -0.015784793241440664 0 0.007002484752654192 0 0.018169582772543658 0 -0.019167217448777252 0 0.016172506738544534 0 0.016799292661361598 0 -0.009347826086956501 0 -0.02413868773315775 0 0.0008994827973916042 0 0.008312738710402057 0 -0.04032976827094481 0 -0.004875783608079831 0 0.005599626691553894 0 -0.016705336426914075 0 0.008730533270410623 0 0.01403508771929829 0 -0.04590542099192618 0 0.022727272727272707 0 0.0073286052009455815 0 -0.016193381835249987 0 -0.039599236641221336 0 -0.029557873820168945 0 -0.031226004607115443 0 0.030118890356670924 0 -0.01538856116953069 0 0.02135972909611894 0 -0.011221627135934775 0 -0.02347175651276756 0 -0.024300052826201957 0 0.04845695722793719 0 -0.03330751355538353 0 -0.013354700854700807 0 0.019220357336221072 0 -0.0084993359893758 0 0.031074203053844007 0 0.008833463237204464 0 -0.028328611898016942 0 0.01961304002120312 0 0.0015596568754874252 0 0.015312743316895805 0 -0.024795501022494837 0 0.013368283093053712 0 -0.032074495602690156 0 
R
0.001381