n
26
nfac
-1
names
A B C D E F G H I J K L M N O P Q R S T U V W X Y Z 
m
1
A
1 1 1 1 1 1 1 1 1 1 1 1 1 1 1 1 1 1 1 1 1 1 1 1 1 1 
L
-1 -1 0.1 -1 7.060001e-02 -1 -1 -1 -1 -1 -1 -1 -1 -1e-2 -1 -1 -1 -1 -1 -1 -1 -1 -1 -1 -1 -1 0
U
1 1 1 1 7.060001e-02 0 1 1 1 1 1 1 1 -1e-2 1 1 1 1 1 1 1 1 1 1 1 1 1
alpha
3.84615384615384637e-02 7.69230769230769273e-02 1.15384615384615391e-01 1.53846153846153855e-01 1.92307692307692318e-01 2.30769230769230782e-01 2.69230769230769218e-01 3.07692307692307709e-01 3.46153846153846145e-01 3.84615384615384637e-01 4.23076923076923073e-01 4.61538461538461564e-01 5.00000000000000000e-01 5.38461538461538436e-01 5.76923076923076872e-01 6.15384615384615419e-01 6.53846153846153855e-01 6.92307692307692291e-01 7.30769230769230727e-01 7.69230769230769273e-01 8.07692307692307709e-01 8.46153846153846145e-01 8.84615384615384581e-01 9.23076923076923128e-01 9.61538461538461564e-01 1.00000000000000000e+00 
shortalphacost

bench

SV

FC

FL

Q
0.00000000000000000e+00 0.00000000000000000e+00 0.00000000000000000e+00 0.00000000000000000e+00 0.00000000000000000e+00 0.00000000000000000e+00 0.00000000000000000e+00 0.00000000000000000e+00 0.00000000000000000e+00 0.00000000000000000e+00 0.00000000000000000e+00 0.00000000000000000e+00 0.00000000000000000e+00 0.00000000000000000e+00 0.00000000000000000e+00 0.00000000000000000e+00 0.00000000000000000e+00 0.00000000000000000e+00 0.00000000000000000e+00 0.00000000000000000e+00 0.00000000000000000e+00 0.00000000000000000e+00 0.00000000000000000e+00 0.00000000000000000e+00 0.00000000000000000e+00 0.00000000000000000e+00 0.00000000000000000e+00 0.00000000000000000e+00 0.00000000000000000e+00 0.00000000000000000e+00 0.00000000000000000e+00 0.00000000000000000e+00 0.00000000000000000e+00 0.00000000000000000e+00 0.00000000000000000e+00 0.00000000000000000e+00 0.00000000000000000e+00 0.00000000000000000e+00 0.00000000000000000e+00 0.00000000000000000e+00 0.00000000000000000e+00 0.00000000000000000e+00 0.00000000000000000e+00 0.00000000000000000e+00 0.00000000000000000e+00 0.00000000000000000e+00 0.00000000000000000e+00 0.00000000000000000e+00 0.00000000000000000e+00 0.00000000000000000e+00 0.00000000000000000e+00 0.00000000000000000e+00 0.00000000000000000e+00 0.00000000000000000e+00 0.00000000000000000e+00 0.00000000000000000e+00 0.00000000000000000e+00 0.00000000000000000e+00 0.00000000000000000e+00 0.00000000000000000e+00 0.00000000000000000e+00 0.00000000000000000e+00 0.00000000000000000e+00 0.00000000000000000e+00 0.00000000000000000e+00 0.00000000000000000e+00 0.00000000000000000e+00 0.00000000000000000e+00 0.00000000000000000e+00 0.00000000000000000e+00 0.00000000000000000e+00 0.00000000000000000e+00 0.00000000000000000e+00 0.00000000000000000e+00 0.00000000000000000e+00 0.00000000000000000e+00 0.00000000000000000e+00 0.00000000000000000e+00 0.00000000000000000e+00 0.00000000000000000e+00 0.00000000000000000e+00 0.00000000000000000e+00 0.00000000000000000e+00 0.00000000000000000e+00 0.00000000000000000e+00 0.00000000000000000e+00 0.00000000000000000e+00 0.00000000000000000e+00 0.00000000000000000e+00 0.00000000000000000e+00 0.00000000000000000e+00 0.00000000000000000e+00 0.00000000000000000e+00 0.00000000000000000e+00 0.00000000000000000e+00 0.00000000000000000e+00 0.00000000000000000e+00 0.00000000000000000e+00 0.00000000000000000e+00 0.00000000000000000e+00 0.00000000000000000e+00 0.00000000000000000e+00 0.00000000000000000e+00 0.00000000000000000e+00 0.00000000000000000e+00 0.00000000000000000e+00 0.00000000000000000e+00 0.00000000000000000e+00 0.00000000000000000e+00 0.00000000000000000e+00 0.00000000000000000e+00 0.00000000000000000e+00 0.00000000000000000e+00 0.00000000000000000e+00 0.00000000000000000e+00 0.00000000000000000e+00 0.00000000000000000e+00 0.00000000000000000e+00 0.00000000000000000e+00 0.00000000000000000e+00 0.00000000000000000e+00 0.00000000000000000e+00 0.00000000000000000e+00 0.00000000000000000e+00 0.00000000000000000e+00 0.00000000000000000e+00 0.00000000000000000e+00 0.00000000000000000e+00 0.00000000000000000e+00 0.00000000000000000e+00 0.00000000000000000e+00 0.00000000000000000e+00 0.00000000000000000e+00 0.00000000000000000e+00 0.00000000000000000e+00 0.00000000000000000e+00 0.00000000000000000e+00 0.00000000000000000e+00 0.00000000000000000e+00 0.00000000000000000e+00 0.00000000000000000e+00 0.00000000000000000e+00 0.00000000000000000e+00 0.00000000000000000e+00 0.00000000000000000e+00 0.00000000000000000e+00 0.00000000000000000e+00 0.00000000000000000e+00 0.00000000000000000e+00 0.00000000000000000e+00 0.00000000000000000e+00 0.00000000000000000e+00 0.00000000000000000e+00 0.00000000000000000e+00 0.00000000000000000e+00 0.00000000000000000e+00 0.00000000000000000e+00 0.00000000000000000e+00 0.00000000000000000e+00 0.00000000000000000e+00 0.00000000000000000e+00 0.00000000000000000e+00 0.00000000000000000e+00 0.00000000000000000e+00 0.00000000000000000e+00 0.00000000000000000e+00 0.00000000000000000e+00 0.00000000000000000e+00 0.00000000000000000e+00 0.00000000000000000e+00 0.00000000000000000e+00 0.00000000000000000e+00 0.00000000000000000e+00 0.00000000000000000e+00 0.00000000000000000e+00 0.00000000000000000e+00 0.00000000000000000e+00 0.00000000000000000e+00 0.00000000000000000e+00 0.00000000000000000e+00 0.00000000000000000e+00 0.00000000000000000e+00 0.00000000000000000e+00 0.00000000000000000e+00 0.00000000000000000e+00 0.00000000000000000e+00 0.00000000000000000e+00 0.00000000000000000e+00 0.00000000000000000e+00 0.00000000000000000e+00 0.00000000000000000e+00 0.00000000000000000e+00 0.00000000000000000e+00 0.00000000000000000e+00 0.00000000000000000e+00 0.00000000000000000e+00 0.00000000000000000e+00 0.00000000000000000e+00 0.00000000000000000e+00 0.00000000000000000e+00 0.00000000000000000e+00 0.00000000000000000e+00 0.00000000000000000e+00 0.00000000000000000e+00 0.00000000000000000e+00 0.00000000000000000e+00 0.00000000000000000e+00 0.00000000000000000e+00 0.00000000000000000e+00 0.00000000000000000e+00 0.00000000000000000e+00 0.00000000000000000e+00 0.00000000000000000e+00 0.00000000000000000e+00 0.00000000000000000e+00 0.00000000000000000e+00 0.00000000000000000e+00 0.00000000000000000e+00 0.00000000000000000e+00 0.00000000000000000e+00 0.00000000000000000e+00 0.00000000000000000e+00 0.00000000000000000e+00 0.00000000000000000e+00 0.00000000000000000e+00 0.00000000000000000e+00 0.00000000000000000e+00 0.00000000000000000e+00 0.00000000000000000e+00 0.00000000000000000e+00 0.00000000000000000e+00 0.00000000000000000e+00 0.00000000000000000e+00 0.00000000000000000e+00 0.00000000000000000e+00 0.00000000000000000e+00 0.00000000000000000e+00 0.00000000000000000e+00 0.00000000000000000e+00 0.00000000000000000e+00 0.00000000000000000e+00 0.00000000000000000e+00 0.00000000000000000e+00 0.00000000000000000e+00 0.00000000000000000e+00 0.00000000000000000e+00 0.00000000000000000e+00 0.00000000000000000e+00 0.00000000000000000e+00 0.00000000000000000e+00 0.00000000000000000e+00 0.00000000000000000e+00 0.00000000000000000e+00 0.00000000000000000e+00 0.00000000000000000e+00 0.00000000000000000e+00 0.00000000000000000e+00 0.00000000000000000e+00 0.00000000000000000e+00 0.00000000000000000e+00 0.00000000000000000e+00 0.00000000000000000e+00 0.00000000000000000e+00 0.00000000000000000e+00 0.00000000000000000e+00 0.00000000000000000e+00 0.00000000000000000e+00 0.00000000000000000e+00 0.00000000000000000e+00 0.00000000000000000e+00 0.00000000000000000e+00 0.00000000000000000e+00 0.00000000000000000e+00 0.00000000000000000e+00 0.00000000000000000e+00 0.00000000000000000e+00 0.00000000000000000e+00 0.00000000000000000e+00 0.00000000000000000e+00 0.00000000000000000e+00 0.00000000000000000e+00 0.00000000000000000e+00 0.00000000000000000e+00 0.00000000000000000e+00 0.00000000000000000e+00 0.00000000000000000e+00 0.00000000000000000e+00 0.00000000000000000e+00 0.00000000000000000e+00 0.00000000000000000e+00 0.00000000000000000e+00 0.00000000000000000e+00 0.00000000000000000e+00 0.00000000000000000e+00 0.00000000000000000e+00 0.00000000000000000e+00 0.00000000000000000e+00 0.00000000000000000e+00 0.00000000000000000e+00 0.00000000000000000e+00 0.00000000000000000e+00 0.00000000000000000e+00 0.00000000000000000e+00 0.00000000000000000e+00 0.00000000000000000e+00 0.00000000000000000e+00 0.00000000000000000e+00 0.00000000000000000e+00 0.00000000000000000e+00 0.00000000000000000e+00 0.00000000000000000e+00 0.00000000000000000e+00 0.00000000000000000e+00 0.00000000000000000e+00 0.00000000000000000e+00 0.00000000000000000e+00 0.00000000000000000e+00 0.00000000000000000e+00 0.00000000000000000e+00 0.00000000000000000e+00 0.00000000000000000e+00 0.00000000000000000e+00 0.00000000000000000e+00 0.00000000000000000e+00 0.00000000000000000e+00 0.00000000000000000e+00 0.00000000000000000e+00 0.00000000000000000e+00 0.00000000000000000e+00 0.00000000000000000e+00 0.00000000000000000e+00 0.00000000000000000e+00 0.00000000000000000e+00 0.00000000000000000e+00 0.00000000000000000e+00 0.00000000000000000e+00 0.00000000000000000e+00 0.00000000000000000e+00 0.00000000000000000e+00 0.00000000000000000e+00 0.00000000000000000e+00 0.00000000000000000e+00 0.00000000000000000e+00 0.00000000000000000e+00 0.00000000000000000e+00 0.00000000000000000e+00 0.00000000000000000e+00 0.00000000000000000e+00 0.00000000000000000e+00 0.00000000000000000e+00 0.00000000000000000e+00 
gamma
5.00000000e-01
initial
7.53066864309766826e-02 -7.51158945279473828e-02 6.31851288824611806e-02 6.06165901371809174e-02 6.06e-02 5.93765527974230087e-02 5.87823911616916286e-02 5.78125873362589568e-02 5.73454002426820181e-02 5.72978673118234999e-02 5.61878853523312474e-02 5.60030350656592624e-02 5.58016802891058497e-02 5.50154063911546531e-02 5.42826070404192756e-02 1.08128615308508529e-02 1.05087387973024186e-02 1.03403930005118595e-02 9.64038256967425337e-03 9.28256522904490934e-03 9.26892151740959548e-03 8.24894404273738592e-03 7.78131682943027786e-03 7.52604738593086898e-03 7.34911925440196769e-03 6.51003098883020173e-03 
delta
0.5
buy

sell

qbuy

qsell

kappa
5.00000000e-01
basket
-1
longbasket
-1
downrisk
0
downfactor
3.00000000e+00
shortbasket
-1
tradebuy
-1
tradesell
-1
tradenum
-1
revise
1
costs
0
min_holding
-1.00000000e+00
min_trade
-1.00000000e+00
ls
0
full
1
minRisk
-1.00000000e+00
maxRisk
-1.00000000e+00
rmin
0.085
rmax
0.09
round
1
min_lot
2.01354776553413584e-04 4.90953559006192058e-04 1.03582178495838012e-03 6.81085282440235047e-04 2.61211059856723436e-04 9.89609213290383420e-04 5.54550860015958738e-04 2.76615250412722263e-04 2.49327827142095735e-04 9.28652630661645138e-05 6.24309837248124971e-04 1.09809872677763269e-03 1.13880980181848678e-03 1.07873345865009112e-03 1.00523346371146800e-03 6.75803845678178304e-04 8.34026888674795102e-05 1.49860768123360278e-04 1.30275440130733165e-04 7.08592765575947304e-05 1.54482025290159943e-04 6.93188575019948423e-05 5.72155649222814600e-05 1.88151184648271752e-04 2.22700583466726261e-04 3.42633209938431667e-04 
size_lot
2.01354776553413584e-04 4.90953559006192058e-04 1.03582178495838012e-03 6.81085282440235047e-04 2.61211059856723436e-04 9.89609213290383420e-04 5.54550860015958738e-04 2.76615250412722263e-04 2.49327827142095735e-04 9.28652630661645138e-05 6.24309837248124971e-04 1.09809872677763269e-03 1.13880980181848678e-03 1.07873345865009112e-03 1.00523346371146800e-03 6.75803845678178304e-04 8.34026888674795102e-05 1.49860768123360278e-04 1.30275440130733165e-04 7.08592765575947304e-05 1.54482025290159943e-04 6.93188575019948423e-05 5.72155649222814600e-05 1.88151184648271752e-04 2.22700583466726261e-04 3.42633209938431667e-04 
ncomp
0
Composites

value
1
valuel
0.00000000e+00
npiece
0
hpiece

pgrad

nabs
0
A_abs

mabs
1
I_A
0
Abs_U
2
Abs_L
0
ShortCostScale
1.00000000e+00
mask

issues

five
-1.00000000e+00
ten
-1.00000000e+00
forty
-1.00000000e+00
log
2
